
====================================================================================================
SWITCHING-RATE RATIO SWEEP AT FIXED GAMMA_TOT: run-time reduction at matched balanced fidelity
  Gamma_tot is held fixed, so blinks per window are constant and only the bright/dark asymmetry (p_bright = 1/(1+ratio)) varies.
  detector: ideal detector (no dead time, no afterpulsing)
  rate noise: no rate noise
  physics layer: nv_charge_readout_master_v1_4
====================================================================================================
         point  ph/dwell     F*  t_thr(us) t_count(us)  t_fcm(us)  T_mmpp(us)  sp_mmpp         95% CI  sp_fcm  sp_count  sp_learn  sp_opt
--------------------------------------------------------------------------------------------------------------------------------------
      ratio0.5      72.6   0.55       0.46        1.59       1.59        0.44     1.03    [1.02,1.07]    0.29      0.29      0.09    1.01
                           0.56       0.56        1.59       1.59        0.53     1.05    [1.03,1.07]    0.35      0.35      0.11    1.01
                           0.57       0.66        1.59       1.59        0.63     1.05    [1.03,1.07]    0.42      0.42      0.13    1.03
                           0.58       0.77        1.59       1.59        0.73     1.06    [1.04,1.08]    0.49      0.49      0.16    1.04
                           0.59       0.89        1.59       1.59        0.83     1.08    [1.06,1.10]    0.56      0.56      0.18    1.05
                           0.60       1.01        1.59       1.59        0.94     1.08    [1.06,1.09]    0.64      0.64      0.20    1.06
                           0.61       1.14        1.59       1.59        1.06     1.07    [1.06,1.09]    0.72      0.72      0.23    1.06
                           0.62       1.27        1.59       1.59        1.16     1.09    [1.08,1.11]    0.80      0.80      0.26    1.08
                           0.63       1.40        1.59       1.59        1.27     1.10    [1.08,1.11]    0.88      0.88      0.28    1.08
                           0.64       1.52        1.59       1.59        1.39     1.09    [1.01,1.10]    0.96      0.96      0.31    1.08
                           0.65       1.68        1.59       1.59        1.59     1.06    [1.01,1.10]    1.06      1.06      0.34    1.09
                           0.66       1.83        1.80       1.80        1.64     1.11    [1.04,1.12]    1.02      1.02      0.37    1.10
                           0.67       1.99        1.90       1.90        1.82     1.09    [1.07,1.12]    1.05      1.05      0.40    1.11
                           0.68       2.17        2.00       2.00        1.91     1.14    [1.12,1.15]    1.08      1.08      0.44    1.12
                           0.69       2.33        2.10       2.10        2.02     1.15    [1.14,1.17]    1.11      1.11      0.47    1.13
                           0.70       2.50        2.22       2.22        2.15     1.16    [1.15,1.18]    1.13      1.13      0.50    1.14
                           0.71       2.66        2.34       2.34        2.28     1.17    [1.16,1.18]    1.14      1.14      0.54    1.15
                           0.72       2.84        2.46       2.46        2.42     1.17    [1.16,1.18]    1.15      1.15      0.57    1.16
                           0.73       3.02        2.60       2.60        2.57     1.17    [1.17,1.18]    1.16      1.16      0.61    1.15
                           0.74       3.21        2.74       2.74        2.71     1.18    [1.18,1.19]    1.17      1.17      0.64    1.15
                           0.75       3.41        2.88       2.88        2.85     1.19    [1.05,1.20]    1.18      1.18      0.69    1.16
                           0.76       3.63        3.04       3.04        3.32     1.10    [1.06,1.14]    1.20      1.20      0.73    1.17
                           0.77       3.88        3.20       3.20        3.32     1.17    [1.14,1.21]    1.21      1.21      0.78    1.19
                           0.78       4.15        4.13       4.13        3.54     1.17    [1.15,1.22]    1.00      1.00      0.83    1.21
                           0.79       4.43        4.32       4.32        3.74     1.18    [1.15,1.25]    1.03      1.03      0.89    1.23
                           0.80       4.73        4.51       4.52        3.82     1.24    [1.20,1.26]    1.05      1.05      0.95    1.26
                           0.81       5.05        4.72       4.73        4.23     1.19    [1.17,1.27]    1.07      1.07      1.00    1.25
                           0.82       5.39        4.93       4.95        4.42     1.22    [1.18,1.26]    1.09      1.09      1.00    1.26
                           0.83       5.77        5.16       5.17        4.45     1.30    [1.24,1.31]    1.12      1.12      1.00    1.27
                           0.84       6.21        5.39       5.41        4.73     1.31    [1.25,1.33]    1.15      1.15      1.01    1.30
                           0.85       6.73        5.64       5.66        5.27     1.28    [1.24,1.29]    1.19      1.19      1.03    1.33
                           0.86       7.40        5.89       5.92        5.55     1.33    [1.28,1.39]    1.25      1.26      1.06    1.36
                           0.87       8.24        6.16       6.19        6.01     1.37    [1.33,1.41]    1.33      1.34      1.11    1.39
                           0.88       9.38        6.44       9.60        6.43     1.46    [1.36,1.48]    0.98      1.46      1.18    1.45
                           0.89      11.48       12.53      11.39        7.00     1.64    [1.47,1.99]    1.01      0.92      1.35    1.63
                           0.90      15.73       13.27      12.55        9.16     1.72    [1.50,2.06]    1.25      1.19      1.72    1.97
                           0.91      17.20       14.05      13.51       12.25     1.40    [1.37,1.46]    1.27      1.22      1.65    1.92
                           0.92      19.52       14.87      14.55       12.49     1.56    [1.08,1.61]    1.34      1.31      1.63    1.85
--------------------------------------------------------------------------------------------------------------------------------------
     ratio1.88      37.1   0.55       0.49        1.59       1.59        0.48     1.03    [1.01,1.04]    0.31      0.31      0.10    1.04
                           0.56       0.58        1.59       1.59        0.56     1.03    [1.02,1.05]    0.36      0.36      0.12    1.02
                           0.57       0.67        1.59       1.59        0.65     1.03    [1.02,1.06]    0.42      0.42      0.14    1.02
                           0.58       0.79        1.59       1.59        0.74     1.07    [1.05,1.09]    0.50      0.50      0.16    1.04
                           0.59       0.91        1.59       1.59        0.83     1.10    [1.07,1.12]    0.57      0.57      0.18    1.06
                           0.60       1.02        1.59       1.59        0.93     1.10    [1.08,1.11]    0.64      0.64      0.21    1.07
                           0.61       1.13        1.59       1.59        1.05     1.07    [1.07,1.09]    0.71      0.71      0.23    1.07
                           0.62       1.24        1.59       1.59        1.14     1.09    [1.07,1.10]    0.78      0.78      0.25    1.07
                           0.63       1.35        1.59       1.59        1.23     1.10    [1.08,1.11]    0.85      0.85      0.27    1.08
                           0.64       1.47        1.59       1.59        1.33     1.10    [1.09,1.11]    0.92      0.92      0.30    1.08
                           0.65       1.59        1.59       1.59        1.45     1.10    [1.01,1.11]    1.00      1.00      0.32    1.07
                           0.66       1.73        1.59       1.59        1.59     1.09    [1.04,1.11]    1.09      1.09      0.35    1.07
                           0.67       1.89        1.84       1.84        1.77     1.06    [1.05,1.12]    1.03      1.03      0.38    1.08
                           0.68       2.04        1.94       1.94        1.84     1.11    [1.09,1.13]    1.05      1.05      0.41    1.09
                           0.69       2.21        2.05       2.05        1.95     1.13    [1.12,1.14]    1.08      1.08      0.44    1.10
                           0.70       2.37        2.16       2.16        2.08     1.14    [1.13,1.15]    1.09      1.09      0.48    1.11
                           0.71       2.54        2.28       2.28        2.21     1.15    [1.13,1.16]    1.11      1.11      0.51    1.13
                           0.72       2.73        2.41       2.41        2.36     1.16    [1.14,1.17]    1.13      1.13      0.55    1.14
                           0.73       2.91        2.55       2.55        2.51     1.16    [1.15,1.17]    1.14      1.14      0.59    1.15
                           0.74       3.11        2.69       2.69        2.65     1.17    [1.16,1.18]    1.16      1.16      0.62    1.15
                           0.75       3.34        2.84       2.84        2.80     1.19    [1.18,1.20]    1.18      1.18      0.67    1.16
                           0.76       3.59        3.00       3.00        3.32     1.08    [1.06,1.21]    1.20      1.20      0.72    1.18
                           0.77       3.83        3.16       3.16        3.32     1.16    [1.12,1.19]    1.21      1.21      0.77    1.19
                           0.78       4.08        4.09       4.09        3.50     1.17    [1.16,1.22]    1.00      1.00      0.82    1.21
                           0.79       4.34        4.28       4.28        3.54     1.22    [1.14,1.24]    1.01      1.01      0.87    1.22
                           0.80       4.61        4.47       4.47        3.88     1.19    [1.15,1.23]    1.03      1.03      0.93    1.24
                           0.81       4.93        4.67       4.67        4.08     1.21    [1.20,1.27]    1.06      1.06      0.99    1.26
                           0.82       5.30        4.88       4.88        4.36     1.22    [1.20,1.25]    1.09      1.09      1.01    1.26
                           0.83       5.72        5.10       5.10        4.45     1.29    [1.24,1.31]    1.12      1.12      1.02    1.28
                           0.84       6.15        5.33       5.33        4.75     1.30    [1.25,1.33]    1.15      1.15      1.03    1.30
                           0.85       6.59        5.57       5.57        5.10     1.29    [1.25,1.34]    1.18      1.18      1.04    1.32
                           0.86       7.16        5.82       5.82        5.60     1.28    [1.25,1.33]    1.23      1.23      1.06    1.35
                           0.87       7.91        6.08       6.08        5.67     1.40    [1.33,1.41]    1.30      1.30      1.09    1.36
                           0.88       8.90        6.35       6.35        6.31     1.41    [1.34,1.44]    1.40      1.40      1.15    1.40
                           0.89      10.26       12.42      10.52        7.00     1.47    [1.36,1.58]    0.98      0.83      1.24    1.49
                           0.90      14.73       13.05      12.25        7.88     1.87    [1.50,2.01]    1.20      1.13      1.65    1.91
                           0.91      16.61       13.72      13.17        9.98     1.66    [1.45,1.99]    1.26      1.21      1.65    1.92
                           0.92      18.18       14.43      14.15       11.83     1.54    [1.48,1.62]    1.28      1.26      1.60    1.89
                           0.93      21.90       15.17      15.20       16.73     1.31    [1.28,1.79]    1.44      1.44      1.68    1.94
--------------------------------------------------------------------------------------------------------------------------------------
     ratio7.07      27.6   0.55       0.47        1.59       1.59        0.46     1.03    [1.02,1.05]    0.30      0.30      0.10    1.02
                           0.56       0.58        1.59       1.59        0.55     1.06    [1.03,1.08]    0.36      0.36      0.12    1.04
                           0.57       0.68        1.59       1.59        0.65     1.04    [1.03,1.07]    0.43      0.43      0.14    1.04
                           0.58       0.78        1.59       1.59        0.73     1.06    [1.04,1.08]    0.49      0.49      0.16    1.04
                           0.59       0.88        1.59       1.59        0.82     1.07    [1.05,1.09]    0.55      0.55      0.18    1.04
                           0.60       0.99        1.59       1.59        0.92     1.08    [1.06,1.10]    0.62      0.62      0.20    1.05
                           0.61       1.11        1.59       1.59        1.03     1.08    [1.07,1.09]    0.70      0.70      0.22    1.06
                           0.62       1.23        1.59       1.59        1.13     1.09    [1.07,1.10]    0.77      0.77      0.25    1.07
                           0.63       1.36        1.59       1.59        1.24     1.10    [1.08,1.12]    0.86      0.86      0.27    1.08
                           0.64       1.48        1.59       1.59        1.35     1.10    [1.08,1.11]    0.93      0.93      0.30    1.07
                           0.65       1.61        1.59       1.59        1.59     1.02    [1.00,1.10]    1.02      1.02      0.32    1.07
                           0.66       1.75        1.59       1.59        1.59     1.10    [1.05,1.10]    1.10      1.10      0.35    1.07
                           0.67       1.89        1.85       1.85        1.78     1.07    [1.05,1.11]    1.03      1.03      0.38    1.08
                           0.68       2.04        1.94       1.94        1.84     1.11    [1.09,1.13]    1.05      1.05      0.41    1.09
                           0.69       2.20        2.05       2.05        1.94     1.13    [1.12,1.14]    1.08      1.08      0.44    1.10
                           0.70       2.36        2.16       2.16        2.07     1.14    [1.13,1.15]    1.09      1.09      0.47    1.11
                           0.71       2.53        2.27       2.27        2.20     1.15    [1.13,1.16]    1.11      1.11      0.51    1.12
                           0.72       2.72        2.39       2.39        2.34     1.16    [1.15,1.17]    1.14      1.14      0.55    1.14
                           0.73       2.91        2.52       2.52        2.49     1.17    [1.16,1.18]    1.16      1.16      0.59    1.15
                           0.74       3.12        2.65       2.65        2.65     1.18    [1.17,1.19]    1.18      1.18      0.63    1.16
                           0.75       3.33        2.79       2.79        2.80     1.19    [1.18,1.20]    1.19      1.19      0.67    1.16
                           0.76       3.56        2.94       2.94        3.32     1.07    [1.06,1.20]    1.21      1.21      0.71    1.17
                           0.77       3.77        3.10       3.10        3.32     1.13    [1.10,1.17]    1.22      1.22      0.76    1.17
                           0.78       3.99        3.26       3.26        3.32     1.20    [1.17,1.22]    1.22      1.22      0.80    1.17
                           0.79       4.28        4.19       4.19        3.52     1.21    [1.14,1.24]    1.02      1.02      0.86    1.20
                           0.80       4.60        4.39       4.39        3.90     1.18    [1.14,1.24]    1.05      1.05      0.93    1.23
                           0.81       4.92        4.59       4.59        4.08     1.21    [1.20,1.26]    1.07      1.07      0.99    1.24
                           0.82       5.27        4.80       4.80        4.30     1.23    [1.19,1.24]    1.10      1.10      1.00    1.25
                           0.83       5.68        5.02       5.02        4.48     1.27    [1.23,1.30]    1.13      1.13      1.01    1.27
                           0.84       6.12        5.25       5.25        4.71     1.30    [1.27,1.33]    1.17      1.17      1.03    1.29
                           0.85       6.59        5.49       5.49        5.10     1.29    [1.27,1.35]    1.20      1.20      1.04    1.32
                           0.86       7.16        5.74       5.74        5.63     1.27    [1.24,1.32]    1.25      1.25      1.06    1.36
                           0.87       7.84        6.01       6.01        5.72     1.37    [1.31,1.41]    1.30      1.30      1.09    1.37
                           0.88       8.67        6.29       6.29        6.19     1.40    [1.36,1.43]    1.38      1.38      1.14    1.40
                           0.89       9.69       12.44       9.85        7.06     1.37    [1.34,1.50]    0.98      0.78      1.20    1.44
                           0.90      12.13       13.04      11.90        8.11     1.50    [1.42,1.94]    1.02      0.93      1.37    1.68
                           0.91      16.57       13.68      12.99       10.34     1.60    [1.55,2.05]    1.28      1.21      1.69    2.01
                           0.92      17.83       14.34      13.88       11.14     1.60    [1.54,1.67]    1.28      1.24      1.65    1.92
                           0.93      19.94       15.04      14.82       11.84     1.68    [1.52,1.75]    1.35      1.33      1.66    1.85
--------------------------------------------------------------------------------------------------------------------------------------
     ratio26.6      25.1   0.55       0.48        1.59       1.59        0.47     1.03    [1.02,1.05]    0.30      0.30      0.10    1.01
                           0.56       0.58        1.59       1.59        0.56     1.04    [1.02,1.06]    0.36      0.36      0.12    1.02
                           0.57       0.69        1.59       1.59        0.66     1.04    [1.03,1.06]    0.43      0.43      0.14    1.03
                           0.58       0.79        1.59       1.59        0.75     1.06    [1.04,1.08]    0.50      0.50      0.16    1.03
                           0.59       0.91        1.59       1.59        0.84     1.08    [1.05,1.10]    0.57      0.57      0.18    1.05
                           0.60       1.01        1.59       1.59        0.95     1.07    [1.05,1.08]    0.64      0.64      0.20    1.05
                           0.61       1.13        1.59       1.59        1.07     1.06    [1.05,1.08]    0.71      0.71      0.23    1.06
                           0.62       1.26        1.59       1.59        1.17     1.08    [1.06,1.10]    0.79      0.79      0.25    1.07
                           0.63       1.39        1.59       1.59        1.27     1.09    [1.08,1.11]    0.87      0.87      0.28    1.08
                           0.64       1.52        1.59       1.59        1.39     1.09    [1.01,1.10]    0.96      0.96      0.31    1.08
                           0.65       1.67        1.59       1.59        1.59     1.05    [1.01,1.10]    1.05      1.05      0.34    1.09
                           0.66       1.82        1.79       1.79        1.65     1.10    [1.04,1.11]    1.02      1.02      0.37    1.10
                           0.67       1.97        1.88       1.88        1.81     1.09    [1.06,1.11]    1.05      1.05      0.40    1.11
                           0.68       2.11        1.98       1.98        1.87     1.13    [1.11,1.13]    1.06      1.06      0.42    1.10
                           0.69       2.26        2.09       2.09        1.99     1.13    [1.12,1.14]    1.08      1.08      0.45    1.11
                           0.70       2.41        2.20       2.20        2.12     1.14    [1.13,1.16]    1.10      1.10      0.49    1.11
                           0.71       2.59        2.31       2.31        2.25     1.15    [1.14,1.17]    1.12      1.12      0.52    1.13
                           0.72       2.78        2.43       2.43        2.39     1.16    [1.15,1.18]    1.14      1.14      0.56    1.15
                           0.73       2.97        2.56       2.56        2.54     1.17    [1.16,1.18]    1.16      1.16      0.60    1.15
                           0.74       3.16        2.69       2.69        2.68     1.18    [1.17,1.19]    1.17      1.17      0.64    1.16
                           0.75       3.37        2.83       2.83        2.84     1.19    [1.06,1.19]    1.19      1.19      0.68    1.17
                           0.76       3.59        2.98       2.98        3.32     1.08    [1.06,1.20]    1.20      1.20      0.72    1.18
                           0.77       3.80        3.14       3.14        3.32     1.15    [1.11,1.18]    1.21      1.21      0.76    1.19
                           0.78       4.04        3.30       3.30        3.32     1.21    [1.17,1.22]    1.22      1.22      0.81    1.20
                           0.79       4.28        4.23       4.24        3.53     1.21    [1.19,1.24]    1.01      1.01      0.86    1.21
                           0.80       4.54        4.42       4.44        3.89     1.17    [1.14,1.24]    1.02      1.03      0.91    1.23
                           0.81       4.86        4.62       4.66        3.90     1.24    [1.20,1.27]    1.04      1.05      0.98    1.26
                           0.82       5.20        4.83       4.88        4.22     1.23    [1.21,1.27]    1.07      1.08      1.00    1.26
                           0.83       5.56        5.04       5.11        4.45     1.25    [1.22,1.29]    1.09      1.10      1.01    1.26
                           0.84       5.95        5.27       5.35        4.51     1.32    [1.28,1.33]    1.11      1.13      1.01    1.28
                           0.85       6.43        5.50       5.61        4.80     1.34    [1.28,1.35]    1.15      1.17      1.02    1.30
                           0.86       7.04        5.75       5.88        5.52     1.28    [1.27,1.34]    1.20      1.22      1.05    1.35
                           0.87       7.80        6.01       6.16        5.68     1.37    [1.32,1.42]    1.27      1.30      1.09    1.38
                           0.88       8.74        6.28       6.45        6.10     1.43    [1.39,1.46]    1.36      1.39      1.15    1.42
                           0.89       9.95       12.44      10.59        7.04     1.41    [1.36,1.51]    0.94      0.80      1.22    1.49
                           0.90      12.23       13.03      12.15        8.13     1.50    [1.45,1.81]    1.01      0.94      1.39    1.70
                           0.91      16.05       13.65      13.03        9.77     1.64    [1.53,1.99]    1.23      1.18      1.64    1.95
                           0.92      17.58       14.30      13.88       11.02     1.60    [1.55,1.69]    1.27      1.23      1.61    1.90
                           0.93      19.61       14.98      14.80       11.83     1.66    [1.49,1.73]    1.33      1.31      1.61    1.85
                           0.94      23.76         nan      26.90       14.47     1.64    [1.33,1.75]    0.88         -      1.54    1.80
--------------------------------------------------------------------------------------------------------------------------------------
      ratio100      24.4   0.55       0.48        1.59       1.59        0.46     1.03    [1.02,1.06]    0.30      0.30      0.10    1.01
                           0.56       0.58        1.59       1.59        0.55     1.04    [1.02,1.06]    0.36      0.36      0.12    1.02
                           0.57       0.69        1.59       1.59        0.66     1.05    [1.04,1.06]    0.43      0.43      0.14    1.03
                           0.58       0.80        1.59       1.59        0.76     1.06    [1.04,1.08]    0.50      0.50      0.16    1.03
                           0.59       0.93        1.59       1.59        0.86     1.08    [1.05,1.10]    0.58      0.58      0.19    1.04
                           0.60       1.05        1.59       1.59        0.99     1.06    [1.05,1.08]    0.66      0.66      0.21    1.05
                           0.61       1.18        1.59       1.59        1.10     1.08    [1.06,1.09]    0.74      0.74      0.24    1.06
                           0.62       1.32        1.59       1.59        1.20     1.09    [1.08,1.11]    0.83      0.83      0.26    1.08
                           0.63       1.44        1.59       1.59        1.31     1.09    [1.08,1.11]    0.90      0.90      0.29    1.08
                           0.64       1.56        1.59       1.59        1.43     1.09    [1.00,1.10]    0.98      0.98      0.31    1.07
                           0.65       1.70        1.59       1.59        1.59     1.07    [1.02,1.09]    1.07      1.07      0.34    1.08
                           0.66       1.85        1.81       1.81        1.76     1.05    [1.04,1.11]    1.02      1.02      0.37    1.08
                           0.67       1.99        1.91       1.91        1.82     1.09    [1.07,1.11]    1.04      1.04      0.40    1.09
                           0.68       2.12        2.01       2.01        1.89     1.12    [1.11,1.13]    1.06      1.06      0.43    1.09
                           0.69       2.27        2.12       2.12        2.01     1.13    [1.12,1.14]    1.07      1.07      0.46    1.09
                           0.70       2.43        2.23       2.23        2.14     1.14    [1.12,1.16]    1.09      1.09      0.49    1.10
                           0.71       2.62        2.34       2.34        2.27     1.15    [1.14,1.17]    1.12      1.12      0.53    1.13
                           0.72       2.82        2.47       2.47        2.41     1.17    [1.16,1.18]    1.14      1.14      0.57    1.15
                           0.73       3.00        2.60       2.60        2.56     1.17    [1.16,1.18]    1.15      1.15      0.60    1.15
                           0.74       3.18        2.73       2.73        2.71     1.17    [1.17,1.18]    1.16      1.16      0.64    1.15
                           0.75       3.41        2.88       2.88        2.88     1.19    [1.05,1.19]    1.19      1.19      0.69    1.16
                           0.76       3.65        3.03       3.03        3.33     1.10    [1.06,1.14]    1.20      1.20      0.73    1.17
                           0.77       3.87        3.19       3.19        3.33     1.16    [1.12,1.20]    1.21      1.21      0.78    1.18
                           0.78       4.11        4.10       4.10        3.47     1.19    [1.18,1.22]    1.00      1.00      0.83    1.20
                           0.79       4.38        4.28       4.28        3.56     1.23    [1.14,1.24]    1.02      1.02      0.88    1.22
                           0.80       4.67        4.47       4.47        3.91     1.20    [1.16,1.24]    1.04      1.04      0.94    1.24
                           0.81       4.96        4.67       4.68        3.92     1.26    [1.21,1.27]    1.06      1.06      1.00    1.25
                           0.82       5.27        4.88       4.89        4.28     1.23    [1.21,1.24]    1.08      1.08      1.00    1.25
                           0.83       5.64        5.10       5.11        4.47     1.26    [1.23,1.30]    1.11      1.11      1.00    1.26
                           0.84       6.05        5.33       5.34        4.64     1.30    [1.28,1.32]    1.13      1.14      1.01    1.27
                           0.85       6.50        5.57       5.58        4.85     1.34    [1.28,1.35]    1.16      1.17      1.02    1.30
                           0.86       7.12        5.82       5.83        5.52     1.29    [1.26,1.34]    1.22      1.22      1.05    1.35
                           0.87       7.88        6.08       6.09        5.72     1.38    [1.32,1.41]    1.29      1.30      1.09    1.38
                           0.88       8.81        6.35       6.37        6.14     1.44    [1.37,1.47]    1.38      1.39      1.14    1.41
                           0.89      10.12       12.56      10.30        7.07     1.43    [1.34,1.54]    0.98      0.81      1.23    1.50
                           0.90      14.06       13.13      12.17        8.17     1.72    [1.46,1.94]    1.16      1.07      1.55    1.94
                           0.91      16.08       13.71      13.06       10.23     1.57    [1.51,1.97]    1.23      1.17      1.61    1.97
                           0.92      17.48       14.33      13.91       11.15     1.57    [1.54,1.67]    1.26      1.22      1.59    1.90
                           0.93      19.44       14.97      14.82       11.92     1.63    [1.59,1.73]    1.31      1.30      1.59    1.89
                           0.94      22.54       31.76      25.43       14.49     1.56    [1.42,1.70]    0.89      0.71      1.52    1.80
--------------------------------------------------------------------------------------------------------------------------------------

fidelity ceiling by method
         point         threshold    adaptive_count  fixed_count_mmpp     adaptive_mmpp           learned           optimal
      ratio0.5            0.9220            0.9219            0.9311            0.9318            0.9313            0.9319
     ratio1.88            0.9317            0.9308            0.9389            0.9391            0.9392            0.9393
     ratio7.07            0.9395            0.9356            0.9452            0.9455            0.9456            0.9453
     ratio26.6            0.9428            0.9371            0.9484            0.9483            0.9475            0.9484
      ratio100            0.9448            0.9419            0.9519            0.9535            0.9512            0.9527

end-to-end speedup including per-shot overhead (F* = 0.85)
      ratio0.5   0 us: 1.28x,  5 us: 1.14x,  20 us: 1.06x,  100 us: 1.01x
     ratio1.88   0 us: 1.29x,  5 us: 1.15x,  20 us: 1.06x,  100 us: 1.01x
     ratio7.07   0 us: 1.29x,  5 us: 1.15x,  20 us: 1.06x,  100 us: 1.01x
     ratio26.6   0 us: 1.34x,  5 us: 1.17x,  20 us: 1.07x,  100 us: 1.02x
      ratio100   0 us: 1.34x,  5 us: 1.17x,  20 us: 1.07x,  100 us: 1.02x
