
====================================================================================================
594 NM LASER-POWER SWEEP: run-time reduction at matched balanced fidelity
  Powers stay inside the [0.875, 15] uW range over which the Shields et al. (2015) rate fits were measured.
  detector: ideal detector (no dead time, no afterpulsing)
  rate noise: no rate noise
  physics layer: nv_charge_readout_master_v1_4
====================================================================================================
         point  ph/dwell     F*  t_thr(us) t_count(us)  t_fcm(us)  T_mmpp(us)  sp_mmpp         95% CI  sp_fcm  sp_count  sp_learn  sp_opt
--------------------------------------------------------------------------------------------------------------------------------------
        P0.875     171.5   0.55       2.83        9.08       9.08        2.70     1.05    [1.03,1.07]    0.31      0.31      0.02       -
                           0.56       3.43        9.08       9.08        3.22     1.06    [1.04,1.09]    0.38      0.38      0.02       -
                           0.57       3.98        9.08       9.08        3.81     1.04    [1.04,1.06]    0.44      0.44      0.02       -
                           0.58       4.56        9.08       9.08        4.30     1.06    [1.04,1.09]    0.50      0.50      0.03       -
                           0.59       5.28        9.08       9.08        4.85     1.09    [1.07,1.11]    0.58      0.58      0.03       -
                           0.60       5.91        9.08       9.08        5.47     1.08    [1.07,1.09]    0.65      0.65      0.03       -
                           0.61       6.56        9.08       9.08        6.13     1.07    [1.07,1.08]    0.72      0.72      0.04       -
                           0.62       7.27        9.08       9.08        6.70     1.09    [1.07,1.10]    0.80      0.80      0.04       -
                           0.63       7.99        9.08       9.08        7.32     1.09    [1.08,1.10]    0.88      0.88      0.04       -
                           0.64       8.75        9.08       9.08        8.00     1.09    [1.00,1.10]    0.96      0.96      0.05       -
                           0.65       9.48        9.08       9.08        9.08     1.04    [1.01,1.09]    1.04      1.04      0.05       -
                           0.66      10.24       10.17      10.17        9.29     1.10    [1.04,1.11]    1.01      1.01      0.06       -
                           0.67      11.02       10.69      10.69       10.25     1.08    [1.05,1.10]    1.03      1.03      0.06       -
                           0.68      11.85       11.23      11.23       10.58     1.12    [1.10,1.13]    1.06      1.06      0.07       -
                           0.69      12.74       11.81      11.81       11.22     1.14    [1.13,1.15]    1.08      1.08      0.07       -
                           0.70      13.69       12.42      12.42       11.91     1.15    [1.14,1.16]    1.10      1.10      0.08       -
                           0.71      14.63       13.05      13.05       12.64     1.16    [1.14,1.17]    1.12      1.12      0.08       -
                           0.72      15.63       13.72      13.72       13.42     1.16    [1.15,1.18]    1.14      1.14      0.09       -
                           0.73      16.65       14.42      14.42       14.25     1.17    [1.16,1.18]    1.15      1.15      0.09       -
                           0.74      17.72       15.16      15.16       15.05     1.18    [1.17,1.18]    1.17      1.17      0.10       -
                           0.75      18.86       15.94      15.94       15.89     1.19    [1.18,1.20]    1.18      1.18      0.11       -
                           0.76      20.13       16.76      16.76       16.79     1.20    [1.19,1.21]    1.20      1.20      0.11       -
                           0.77      21.49       17.61      17.61       17.75     1.21    [1.20,1.22]    1.22      1.22      0.12       -
                           0.78      22.90       18.52      18.52       18.76     1.22    [1.21,1.23]    1.24      1.24      0.13       -
                           0.79      24.40       19.47      19.47       19.82     1.23    [1.22,1.24]    1.25      1.25      0.14       -
                           0.80      25.90       20.46      20.46       20.73     1.25    [1.24,1.26]    1.27      1.27      0.15       -
                           0.81      27.34       21.51      21.51       21.64     1.26    [1.25,1.27]    1.27      1.27      0.15       -
                           0.82      28.85       22.61      22.61       22.89     1.26    [1.24,1.27]    1.28      1.28      0.16       -
                           0.83      30.75       30.68      30.68       24.74     1.24    [1.22,1.29]    1.00      1.00      0.17       -
                           0.84      33.08       32.77      32.76       25.41     1.30    [1.28,1.32]    1.01      1.01      0.19       -
                           0.85      35.62       34.99      34.98       28.17     1.26    [1.26,1.33]    1.02      1.02      0.20       -
                           0.86      38.42       37.37      37.35       29.19     1.32    [1.27,1.33]    1.03      1.03      0.22       -
                           0.87      41.52       39.90      39.89       30.82     1.35    [1.30,1.39]    1.04      1.04      0.23       -
                           0.88      45.04       42.61      42.59       32.51     1.39    [1.36,1.41]    1.06      1.06      0.25       -
                           0.89      49.12       45.51      45.48       34.73     1.41    [1.39,1.44]    1.08      1.08      0.28       -
                           0.90      53.93       48.60      48.56       36.99     1.46    [1.43,1.52]    1.11      1.11      0.30       -
                           0.91      63.22       51.90      51.85       41.29     1.53    [1.48,1.64]    1.22      1.22      0.35       -
                           0.92      82.67       57.44      57.28       49.21     1.68    [1.55,1.80]    1.44      1.44      0.46       -
                           0.93      92.21      124.28     123.61       58.35     1.58    [1.55,1.61]    0.75      0.74      0.52       -
                           0.94      98.35      138.20     131.15       58.85     1.67    [1.62,1.70]    0.75      0.71      0.55       -
                           0.95     106.23      153.69     139.15       61.94     1.71    [1.65,1.75]    0.76      0.69      0.60       -
                           0.96     116.60      162.71     147.63       72.56     1.61    [1.06,1.84]    0.79      0.72      0.65       -
                           0.97     138.01      168.20     156.64      104.15     1.33    [1.20,1.53]    0.88      0.82      0.77       -
                           0.98     195.11      173.88     169.86      110.20     1.77    [1.67,1.87]    1.15      1.12      1.09       -
                exact optimum skipped: 9128 DP steps > 5000
--------------------------------------------------------------------------------------------------------------------------------------
        P2.000      74.7   0.55       1.21        4.07       4.07        1.16     1.04    [1.03,1.07]    0.30      0.30      0.03    1.02
                           0.56       1.46        4.07       4.07        1.39     1.05    [1.03,1.08]    0.36      0.36      0.04    1.02
                           0.57       1.73        4.07       4.07        1.66     1.05    [1.04,1.06]    0.43      0.43      0.05    1.03
                           0.58       2.01        4.07       4.07        1.88     1.07    [1.05,1.08]    0.49      0.49      0.06    1.04
                           0.59       2.29        4.07       4.07        2.13     1.08    [1.06,1.10]    0.56      0.56      0.07    1.05
                           0.60       2.59        4.07       4.07        2.41     1.08    [1.06,1.09]    0.64      0.64      0.07    1.06
                           0.61       2.91        4.07       4.07        2.71     1.07    [1.06,1.09]    0.72      0.72      0.08    1.07
                           0.62       3.21        4.07       4.07        2.95     1.09    [1.08,1.10]    0.79      0.79      0.09    1.07
                           0.63       3.51        4.07       4.07        3.21     1.09    [1.08,1.11]    0.86      0.86      0.10    1.07
                           0.64       3.82        4.07       4.07        3.49     1.09    [1.08,1.10]    0.94      0.94      0.11    1.06
                           0.65       4.15        4.07       4.07        4.07     1.02    [1.00,1.10]    1.02      1.02      0.12    1.06
                           0.66       4.50        4.48       4.48        4.07     1.11    [1.04,1.11]    1.00      1.00      0.13    1.07
                           0.67       4.88        4.72       4.72        4.57     1.07    [1.04,1.11]    1.03      1.03      0.14    1.08
                           0.68       5.28        4.96       4.96        4.72     1.12    [1.09,1.13]    1.06      1.06      0.15    1.10
                           0.69       5.67        5.22       5.22        5.00     1.13    [1.12,1.15]    1.09      1.09      0.16    1.11
                           0.70       6.09        5.49       5.49        5.31     1.15    [1.13,1.16]    1.11      1.11      0.18    1.12
                           0.71       6.49        5.78       5.78        5.64     1.15    [1.14,1.16]    1.12      1.12      0.19    1.13
                           0.72       6.93        6.08       6.08        5.98     1.16    [1.15,1.17]    1.14      1.14      0.20    1.15
                           0.73       7.39        6.39       6.39        6.35     1.16    [1.15,1.17]    1.16      1.16      0.21    1.15
                           0.74       7.88        6.72       6.72        6.71     1.17    [1.17,1.18]    1.17      1.17      0.23    1.15
                           0.75       8.41        7.07       7.07        7.09     1.19    [1.18,1.19]    1.19      1.19      0.24    1.16
                           0.76       8.97        7.44       7.44        7.50     1.20    [1.19,1.21]    1.20      1.20      0.26    1.18
                           0.77       9.51        7.83       7.83        7.87     1.21    [1.20,1.22]    1.21      1.21      0.27    1.19
                           0.78      10.04        8.24       8.24        8.27     1.21    [1.20,1.22]    1.22      1.22      0.29    1.19
                           0.79      10.60        8.66       8.66        8.68     1.22    [1.21,1.23]    1.22      1.22      0.30    1.20
                           0.80      11.30        9.11       9.11        9.56     1.18    [1.16,1.24]    1.24      1.24      0.33    1.23
                           0.81      12.05       12.04      12.04        9.70     1.24    [1.21,1.26]    1.00      1.00      0.35    1.24
                           0.82      12.92       12.67      12.67       10.83     1.19    [1.18,1.26]    1.02      1.02      0.37    1.25
                           0.83      13.86       13.33      13.33       11.08     1.25    [1.20,1.28]    1.04      1.04      0.40    1.28
                           0.84      14.80       14.03      14.03       12.01     1.23    [1.23,1.31]    1.06      1.06      0.43    1.29
                           0.85      15.79       14.77      14.77       12.05     1.31    [1.27,1.33]    1.07      1.07      0.45    1.31
                           0.86      16.97       15.54      15.54       12.89     1.32    [1.31,1.34]    1.09      1.09      0.49    1.35
                           0.87      18.32       16.35      16.35       13.55     1.35    [1.33,1.38]    1.12      1.12      0.53    1.35
                           0.88      19.83       17.21      17.21       14.26     1.39    [1.37,1.40]    1.15      1.15      0.57    1.36
                           0.89      21.51       18.11      18.11       15.43     1.39    [1.37,1.42]    1.19      1.19      0.62    1.38
                           0.90      24.19       19.06      19.06       16.80     1.44    [1.41,1.50]    1.27      1.27      0.70    1.45
                           0.91      27.87       20.06      20.06       18.53     1.50    [1.49,1.66]    1.39      1.39      0.80    1.51
                           0.92      39.23       44.30      44.20       23.06     1.70    [1.63,1.75]    0.89      0.89      1.12    1.93
                           0.93      42.98       46.51      46.28       26.21     1.64    [1.58,1.69]    0.93      0.92      1.18    1.94
                           0.94      46.76       48.82      48.46       27.54     1.70    [1.65,1.74]    0.96      0.96      1.25    1.91
                           0.95      51.82       51.25      50.74       29.49     1.76    [1.71,1.89]    1.02      1.01      1.34    1.85
                           0.96      62.32       53.80      53.12       49.89     1.25    [1.17,1.55]    1.17      1.16      1.41    1.97
                           0.97      93.80         nan      60.12       57.99     1.62    [1.15,1.85]    1.56         -      1.72    2.40
--------------------------------------------------------------------------------------------------------------------------------------
        P4.000      37.3   0.55       0.59        2.10       2.10        0.58     1.02    [1.02,1.11]    0.28      0.28      0.07    1.01
                           0.56       0.72        2.10       2.10        0.69     1.04    [1.02,1.07]    0.34      0.34      0.08    1.01
                           0.57       0.87        2.10       2.10        0.83     1.04    [1.03,1.06]    0.41      0.41      0.10    1.03
                           0.58       1.02        2.10       2.10        0.96     1.06    [1.04,1.08]    0.48      0.48      0.11    1.04
                           0.59       1.18        2.10       2.10        1.09     1.08    [1.06,1.10]    0.56      0.56      0.13    1.06
                           0.60       1.34        2.10       2.10        1.25     1.08    [1.06,1.09]    0.64      0.64      0.15    1.07
                           0.61       1.50        2.10       2.10        1.41     1.07    [1.06,1.09]    0.71      0.71      0.17    1.08
                           0.62       1.66        2.10       2.10        1.53     1.09    [1.07,1.10]    0.79      0.79      0.19    1.08
                           0.63       1.82        2.10       2.10        1.66     1.09    [1.08,1.11]    0.86      0.86      0.20    1.08
                           0.64       1.98        2.10       2.10        1.81     1.10    [1.09,1.11]    0.94      0.94      0.22    1.09
                           0.65       2.15        2.10       2.10        2.10     1.02    [1.00,1.10]    1.02      1.02      0.24    1.08
                           0.66       2.33        2.33       2.33        2.17     1.08    [1.05,1.11]    1.00      1.00      0.26    1.08
                           0.67       2.52        2.45       2.45        2.36     1.07    [1.05,1.11]    1.03      1.03      0.28    1.09
                           0.68       2.72        2.59       2.59        2.44     1.11    [1.09,1.13]    1.05      1.05      0.30    1.09
                           0.69       2.92        2.73       2.73        2.58     1.13    [1.12,1.14]    1.07      1.07      0.32    1.10
                           0.70       3.13        2.88       2.88        2.75     1.14    [1.13,1.15]    1.09      1.09      0.35    1.11
                           0.71       3.38        3.03       3.03        2.93     1.15    [1.14,1.17]    1.11      1.11      0.38    1.13
                           0.72       3.63        3.20       3.20        3.12     1.16    [1.15,1.17]    1.13      1.13      0.40    1.15
                           0.73       3.87        3.38       3.38        3.32     1.17    [1.16,1.17]    1.15      1.15      0.43    1.14
                           0.74       4.14        3.56       3.56        3.54     1.17    [1.16,1.18]    1.16      1.16      0.46    1.14
                           0.75       4.41        3.76       3.76        3.72     1.18    [1.17,1.19]    1.17      1.17      0.49    1.15
                           0.76       4.72        3.96       3.96        4.56     1.03    [1.02,1.21]    1.19      1.19      0.53    1.16
                           0.77       5.05        4.18       4.18        4.56     1.11    [1.07,1.15]    1.21      1.21      0.56    1.17
                           0.78       5.41        4.41       4.41        4.56     1.19    [1.14,1.23]    1.23      1.23      0.60    1.19
                           0.79       5.80        5.72       5.72        4.68     1.24    [1.15,1.25]    1.01      1.01      0.65    1.22
                           0.80       6.22        5.98       5.98        5.11     1.22    [1.17,1.25]    1.04      1.04      0.69    1.24
                           0.81       6.66        6.25       6.25        5.62     1.18    [1.16,1.27]    1.06      1.06      0.74    1.25
                           0.82       7.11        6.54       6.54        5.90     1.21    [1.19,1.24]    1.09      1.09      0.79    1.26
                           0.83       7.60        6.83       6.83        5.92     1.28    [1.24,1.31]    1.11      1.11      0.85    1.27
                           0.84       8.16        7.14       7.14        6.24     1.31    [1.26,1.32]    1.14      1.14      0.91    1.29
                           0.85       8.77        7.47       7.47        6.72     1.31    [1.26,1.33]    1.17      1.17      0.98    1.32
                           0.86       9.50        7.81       7.81        7.40     1.28    [1.25,1.33]    1.22      1.22      1.01    1.35
                           0.87      10.29        8.16       8.16        7.48     1.38    [1.33,1.41]    1.26      1.26      1.02    1.35
                           0.88      11.17        8.53       8.53        7.98     1.40    [1.32,1.43]    1.31      1.31      1.03    1.36
                           0.89      12.52        8.92       8.92        8.86     1.41    [1.35,1.49]    1.40      1.40      1.08    1.42
                           0.90      14.68       18.06      14.94       10.13     1.45    [1.40,1.62]    0.98      0.81      1.17    1.56
                           0.91      19.72       18.86      18.23       10.36     1.90    [1.50,1.94]    1.08      1.05      1.47    1.87
                           0.92      21.99       19.69      19.23       13.77     1.60    [1.55,1.70]    1.14      1.12      1.53    1.89
                           0.93      23.79       20.56      20.28       14.59     1.63    [1.58,1.68]    1.17      1.16      1.52    1.86
                           0.94      26.38       21.46      21.38       15.25     1.73    [1.46,1.77]    1.23      1.23      1.50    1.77
                           0.95      32.21       22.41      45.33       24.64     1.31    [0.68,1.63]    0.71      1.44      1.53    1.81
--------------------------------------------------------------------------------------------------------------------------------------
        P8.000      18.6   0.55       0.33        1.12       1.12        0.32     1.04    [1.03,1.06]    0.29      0.29      0.14    1.02
                           0.56       0.40        1.12       1.12        0.38     1.06    [1.04,1.08]    0.35      0.35      0.17    1.04
                           0.57       0.47        1.12       1.12        0.45     1.05    [1.03,1.06]    0.42      0.42      0.20    1.04
                           0.58       0.54        1.12       1.12        0.51     1.06    [1.05,1.08]    0.48      0.48      0.23    1.04
                           0.59       0.61        1.12       1.12        0.57     1.07    [1.05,1.09]    0.54      0.54      0.25    1.04
                           0.60       0.68        1.12       1.12        0.64     1.07    [1.05,1.09]    0.61      0.61      0.29    1.04
                           0.61       0.76        1.12       1.12        0.71     1.07    [1.06,1.08]    0.68      0.68      0.32    1.05
                           0.62       0.85        1.12       1.12        0.79     1.08    [1.07,1.09]    0.75      0.75      0.35    1.07
                           0.63       0.93        1.12       1.12        0.86     1.08    [1.07,1.10]    0.83      0.83      0.39    1.07
                           0.64       1.02        1.12       1.12        0.94     1.09    [1.08,1.10]    0.91      0.91      0.43    1.08
                           0.65       1.12        1.12       1.12        1.02     1.10    [1.01,1.10]    1.00      1.00      0.47    1.08
                           0.66       1.22        1.12       1.12        1.12     1.09    [1.04,1.11]    1.09      1.09      0.51    1.08
                           0.67       1.32        1.29       1.29        1.25     1.06    [1.04,1.11]    1.02      1.02      0.55    1.09
                           0.68       1.43        1.36       1.36        1.30     1.10    [1.07,1.12]    1.05      1.05      0.60    1.09
                           0.69       1.53        1.44       1.44        1.36     1.13    [1.12,1.14]    1.07      1.07      0.64    1.10
                           0.70       1.65        1.52       1.52        1.44     1.14    [1.13,1.15]    1.09      1.09      0.69    1.11
                           0.71       1.77        1.60       1.60        1.54     1.15    [1.14,1.17]    1.11      1.11      0.74    1.13
                           0.72       1.90        1.69       1.69        1.64     1.16    [1.15,1.17]    1.13      1.13      0.80    1.14
                           0.73       2.04        1.78       1.78        1.75     1.17    [1.15,1.18]    1.15      1.15      0.85    1.16
                           0.74       2.19        1.87       1.87        1.86     1.18    [1.17,1.19]    1.17      1.17      0.92    1.16
                           0.75       2.34        1.98       1.98        1.96     1.19    [1.19,1.20]    1.19      1.19      0.98    1.16
                           0.76       2.50        2.08       2.08        2.24     1.12    [1.12,1.21]    1.20      1.20      1.01    1.17
                           0.77       2.67        2.20       2.20        2.24     1.19    [1.09,1.22]    1.21      1.21      1.02    1.18
                           0.78       2.84        2.81       2.81        2.52     1.13    [1.10,1.18]    1.01      1.01      1.02    1.18
                           0.79       3.05        2.94       2.94        2.54     1.20    [1.16,1.24]    1.04      1.04      1.04    1.21
                           0.80       3.28        3.07       3.07        2.75     1.19    [1.17,1.25]    1.07      1.07      1.05    1.24
                           0.81       3.52        3.21       3.21        2.79     1.26    [1.22,1.28]    1.10      1.10      1.07    1.26
                           0.82       3.78        3.35       3.35        3.14     1.20    [1.17,1.26]    1.13      1.13      1.08    1.26
                           0.83       4.08        3.50       3.50        3.24     1.26    [1.22,1.31]    1.17      1.17      1.10    1.28
                           0.84       4.44        3.66       3.66        3.45     1.29    [1.26,1.34]    1.21      1.21      1.14    1.31
                           0.85       4.83        3.82       3.82        3.62     1.33    [1.27,1.35]    1.26      1.26      1.16    1.34
                           0.86       5.27        3.99       3.99        4.11     1.28    [1.25,1.34]    1.32      1.32      1.17    1.37
                           0.87       5.78        4.17       4.17        4.16     1.39    [1.32,1.42]    1.39      1.39      1.19    1.36
                           0.88       6.63        7.07       6.57        4.75     1.40    [1.31,1.50]    1.01      0.94      1.27    1.43
                           0.89       8.19        8.06       7.43        5.27     1.55    [1.39,1.98]    1.10      1.02      1.45    1.62
                           0.90      11.40        8.72       8.29        6.10     1.87    [1.79,2.05]    1.38      1.31      1.81    2.00
                           0.91      12.69        9.44       9.21        8.53     1.49    [1.43,1.97]    1.38      1.35      1.79    1.97
                           0.92      14.69         nan      15.63       10.77     1.36    [1.29,1.64]    0.94         -      1.77    1.94
--------------------------------------------------------------------------------------------------------------------------------------
       P15.000       9.9   0.55       0.21        0.67       0.67        0.20     1.04    [1.02,1.07]    0.31      0.31      0.28    1.02
                           0.56       0.25        0.67       0.67        0.24     1.05    [1.03,1.07]    0.38      0.38      0.34    1.03
                           0.57       0.30        0.67       0.67        0.29     1.04    [1.03,1.06]    0.44      0.44      0.40    1.04
                           0.58       0.34        0.67       0.67        0.32     1.06    [1.04,1.08]    0.51      0.51      0.46    1.04
                           0.59       0.39        0.67       0.67        0.36     1.07    [1.05,1.09]    0.58      0.58      0.52    1.05
                           0.60       0.44        0.67       0.67        0.41     1.07    [1.06,1.09]    0.66      0.66      0.59    1.05
                           0.61       0.49        0.67       0.67        0.46     1.07    [1.06,1.08]    0.73      0.73      0.65    1.05
                           0.62       0.54        0.67       0.67        0.50     1.08    [1.06,1.10]    0.81      0.81      0.72    1.05
                           0.63       0.60        0.67       0.67        0.55     1.09    [1.08,1.11]    0.90      0.90      0.80    1.06
                           0.64       0.66        0.67       0.67        0.60     1.09    [1.02,1.10]    0.98      0.98      0.87    1.06
                           0.65       0.73        0.67       0.67        0.67     1.08    [1.03,1.10]    1.08      1.08      0.97    1.08
                           0.66       0.79        0.77       0.77        0.71     1.11    [1.07,1.12]    1.02      1.02      1.01    1.08
                           0.67       0.85        0.82       0.82        0.77     1.10    [1.08,1.11]    1.04      1.04      1.02    1.09
                           0.68       0.92        0.86       0.86        0.81     1.13    [1.11,1.13]    1.07      1.07      1.04    1.10
                           0.69       0.99        0.91       0.91        0.86     1.14    [1.13,1.15]    1.09      1.09      1.05    1.11
                           0.70       1.06        0.96       0.96        0.92     1.15    [1.14,1.17]    1.11      1.11      1.06    1.13
                           0.71       1.14        1.01       1.01        0.98     1.16    [1.15,1.18]    1.13      1.13      1.07    1.15
                           0.72       1.21        1.06       1.06        1.04     1.17    [1.16,1.18]    1.14      1.14      1.07    1.14
                           0.73       1.30        1.12       1.12        1.10     1.18    [1.17,1.19]    1.16      1.16      1.08    1.14
                           0.74       1.39        1.18       1.18        1.18     1.18    [1.13,1.19]    1.18      1.18      1.09    1.14
                           0.75       1.48        1.49       1.49        1.26     1.18    [1.04,1.20]    1.00      1.00      1.09    1.15
                           0.76       1.59        1.55       1.55        1.50     1.06    [1.04,1.20]    1.02      1.02      1.10    1.17
                           0.77       1.71        1.62       1.62        1.52     1.12    [1.09,1.16]    1.06      1.06      1.12    1.19
                           0.78       1.85        1.70       1.70        1.55     1.19    [1.15,1.23]    1.09      1.09      1.14    1.22
                           0.79       1.98        1.77       1.77        1.58     1.25    [1.22,1.26]    1.12      1.12      1.15    1.24
                           0.80       2.12        1.85       1.86        1.68     1.26    [1.25,1.28]    1.14      1.14      1.16    1.25
                           0.81       2.31        1.94       1.94        1.85     1.25    [1.22,1.28]    1.19      1.19      1.18    1.26
                           0.82       2.52        2.02       2.03        1.98     1.27    [1.23,1.31]    1.24      1.24      1.21    1.28
                           0.83       2.76        2.12       2.12        2.09     1.32    [1.30,1.35]    1.30      1.31      1.24    1.32
                           0.84       3.04        3.02       3.02        2.53     1.20    [1.15,1.37]    1.01      1.01      1.27    1.36
                           0.85       3.36        3.26       3.25        2.70     1.24    [1.19,1.31]    1.03      1.03      1.28    1.34
                           0.86       3.90        3.51       3.49        2.73     1.43    [1.29,1.45]    1.12      1.11      1.36    1.41
                           0.87       6.87        6.52       3.86        3.21     2.14    [1.36,2.27]    1.78      1.05      2.15    2.22
                           0.88       8.33        7.96       6.97        3.99     2.09    [1.89,2.48]    1.20      1.05      2.23    2.31
--------------------------------------------------------------------------------------------------------------------------------------

fidelity ceiling by method
         point         threshold    adaptive_count  fixed_count_mmpp     adaptive_mmpp           learned
        P0.875            0.9847            0.9833            0.9866            0.9876            0.9873
        P2.000            0.9719            0.9678            0.9753            0.9760            0.9751
        P4.000            0.9518            0.9512            0.9592            0.9592            0.9589
        P8.000            0.9242            0.9135            0.9290            0.9295            0.9289
       P15.000            0.8840            0.8810            0.8926            0.8949            0.8940

end-to-end speedup including per-shot overhead (F* = 0.85)
        P0.875   0 us: 1.26x,  5 us: 1.22x,  20 us: 1.15x,  100 us: 1.06x
        P2.000   0 us: 1.31x,  5 us: 1.22x,  20 us: 1.12x,  100 us: 1.03x
        P4.000   0 us: 1.31x,  5 us: 1.17x,  20 us: 1.08x,  100 us: 1.02x
        P8.000   0 us: 1.33x,  5 us: 1.14x,  20 us: 1.05x,  100 us: 1.01x
       P15.000   0 us: 1.24x,  5 us: 1.09x,  20 us: 1.03x,  100 us: 1.01x
