
====================================================================================================
EMISSION-CONTRAST SWEEP AT FIXED BRIGHT RATE: run-time reduction at matched balanced fidelity
  lambda_- is held fixed and lambda_0 is raised, so photons per bright dwell stay constant while the two states become harder to tell apart.
  detector: ideal detector (no dead time, no afterpulsing)
  rate noise: no rate noise
  physics layer: nv_charge_readout_master_v1_4
====================================================================================================
         point  ph/dwell     F*  t_thr(us) t_count(us)  t_fcm(us)  T_mmpp(us)  sp_mmpp         95% CI  sp_fcm  sp_count  sp_learn  sp_opt
--------------------------------------------------------------------------------------------------------------------------------------
   contrast0.5      27.4   0.55       0.73        1.54       1.54        0.67     1.09    [1.04,1.12]    0.47      0.47      0.15    1.06
                           0.56       0.88        1.54       1.54        0.81     1.09    [1.05,1.11]    0.57      0.57      0.18    1.06
                           0.57       1.04        1.54       1.54        0.96     1.08    [1.07,1.11]    0.68      0.68      0.21    1.08
                           0.58       1.21        1.54       1.54        1.10     1.09    [1.06,1.13]    0.78      0.78      0.24    1.08
                           0.59       1.42        1.54       1.54        1.27     1.13    [1.08,1.16]    0.92      0.92      0.29    1.10
                           0.60       1.65        1.54       1.54        1.54     1.07    [1.01,1.15]    1.07      1.07      0.33    1.11
                           0.61       1.86        1.82       1.86        1.81     1.03    [1.01,1.14]    1.00      1.02      0.37    1.12
                           0.62       2.17        2.01       2.04        1.94     1.12    [1.04,1.15]    1.06      1.08      0.44    1.16
                           0.63       2.41        2.21       2.24        2.09     1.16    [1.12,1.20]    1.08      1.09      0.49    1.14
                           0.64       2.82        2.43       2.46        2.74     1.03    [0.99,1.22]    1.15      1.16      0.57    1.19
                           0.65       3.23        2.67       2.69        2.87     1.12    [1.05,1.23]    1.20      1.21      0.65    1.23
                           0.66       3.78        2.93       2.95        3.01     1.26    [1.16,1.32]    1.28      1.29      0.76    1.27
                           0.67       4.46        4.59       4.39        3.34     1.34    [1.27,1.41]    1.02      0.97      0.90    1.32
                           0.68       5.36        7.55       5.02        3.84     1.40    [1.18,1.56]    1.07      0.71      1.03    1.42
                           0.69       7.27        7.60       7.56        4.45     1.63    [1.30,1.72]    0.96      0.96      1.28    1.74
                           0.70       7.89        7.66       7.63        4.69     1.68    [1.26,1.76]    1.03      1.03      1.26    1.63
                           0.71       8.40        7.71       7.70        6.56     1.28    [1.24,1.67]    1.09      1.09      1.22    1.53
                           0.72       9.06        7.77       7.76        6.80     1.33    [1.15,1.36]    1.17      1.17      1.20    1.47
                           0.73       9.82       13.23      10.00        8.15     1.21    [1.12,1.27]    0.98      0.74      1.21    1.44
                           0.74      10.72       13.70      11.32        8.67     1.24    [1.17,1.34]    0.95      0.78      1.22    1.44
                           0.75      12.17       14.19      12.83        8.73     1.39    [1.27,1.61]    0.95      0.86      1.28    1.50
                           0.76      14.67       14.70      13.68        9.04     1.62    [1.49,1.66]    1.07      1.00      1.43    1.67
                           0.77      15.86       15.23      14.48       10.09     1.57    [1.11,1.66]    1.10      1.04      1.44    1.64
                           0.78      17.07       15.78      15.32       14.31     1.19    [1.15,1.39]    1.11      1.08      1.43    1.56
                           0.79      20.93       16.35      16.22       15.20     1.38    [1.17,1.44]    1.29      1.28      1.60    1.71
                           0.80      22.85       36.55      27.68       20.25     1.13    [1.10,1.47]    0.83      0.63      1.60    1.69
                           0.81      24.76       37.52      29.23       20.34     1.22    [1.17,1.31]    0.85      0.66      1.58    1.67
                           0.82      30.12       38.51      31.30       20.43     1.47    [1.26,1.53]    0.96      0.78      1.72    1.87
                           0.83      32.86       39.68      34.45       22.07     1.49    [1.41,1.76]    0.95      0.83      1.68    1.78
                           0.84      43.02       40.88      38.17       30.12     1.43    [1.31,1.95]    1.13      1.05      1.94    2.06
--------------------------------------------------------------------------------------------------------------------------------------
   contrast0.7      27.4   0.55       0.57        1.57       1.57        0.54     1.06    [1.03,1.07]    0.36      0.36      0.11    1.05
                           0.56       0.67        1.57       1.57        0.63     1.06    [1.03,1.09]    0.43      0.43      0.13    1.03
                           0.57       0.78        1.57       1.57        0.74     1.05    [1.04,1.07]    0.50      0.50      0.16    1.03
                           0.58       0.92        1.57       1.57        0.85     1.08    [1.05,1.11]    0.59      0.59      0.18    1.05
                           0.59       1.07        1.57       1.57        0.98     1.09    [1.06,1.12]    0.68      0.68      0.21    1.06
                           0.60       1.23        1.57       1.57        1.12     1.10    [0.87,1.12]    0.78      0.78      0.25    1.08
                           0.61       1.38        1.57       1.57        1.57     0.88    [0.85,1.09]    0.88      0.88      0.28    1.08
                           0.62       1.53        1.57       1.57        1.57     0.98    [0.93,1.03]    0.98      0.98      0.31    1.08
                           0.63       1.69        1.57       1.57        1.57     1.08    [1.02,1.12]    1.08      1.08      0.34    1.08
                           0.64       1.87        1.82       1.83        1.76     1.06    [1.06,1.13]    1.02      1.03      0.38    1.10
                           0.65       2.08        1.94       1.95        1.85     1.12    [1.08,1.14]    1.06      1.07      0.42    1.12
                           0.66       2.28        2.08       2.08        2.17     1.05    [0.98,1.13]    1.09      1.10      0.46    1.15
                           0.67       2.48        2.21       2.22        2.56     0.97    [0.96,1.01]    1.11      1.12      0.50    1.15
                           0.68       2.70        2.36       2.37        2.63     1.03    [0.99,1.07]    1.14      1.14      0.54    1.16
                           0.69       2.94        2.52       2.53        2.69     1.09    [1.05,1.13]    1.16      1.17      0.59    1.17
                           0.70       3.19        2.69       2.69        2.76     1.16    [1.11,1.21]    1.19      1.19      0.64    1.18
                           0.71       3.49        2.87       2.87        2.83     1.24    [1.19,1.26]    1.22      1.22      0.70    1.21
                           0.72       3.83        3.06       3.06        3.18     1.20    [1.07,1.27]    1.25      1.25      0.77    1.24
                           0.73       4.24        4.19       4.19        3.84     1.11    [1.06,1.27]    1.01      1.01      0.85    1.28
                           0.74       4.75        4.51       4.51        3.84     1.24    [1.15,1.31]    1.05      1.05      0.95    1.30
                           0.75       5.28        4.86       4.86        4.31     1.23    [1.20,1.34]    1.09      1.09      1.02    1.33
                           0.76       5.96        5.23       5.24        4.63     1.29    [1.23,1.41]    1.14      1.14      1.07    1.38
                           0.77       7.07        5.63       5.64        4.84     1.46    [1.34,1.62]    1.25      1.25      1.18    1.48
                           0.78       9.25       14.47       7.43        5.47     1.69    [1.44,1.79]    1.24      0.64      1.43    1.73
                           0.79      10.08       14.48      14.47        5.71     1.77    [1.54,1.81]    0.70      0.70      1.45    1.71
                           0.80      10.70       14.48      14.48        6.61     1.62    [1.24,1.78]    0.74      0.74      1.43    1.67
                           0.81      11.35       14.48      14.48        8.52     1.33    [1.20,1.38]    0.78      0.78      1.41    1.63
                           0.82      12.04       14.49      14.49        9.67     1.25    [1.21,1.30]    0.83      0.83      1.39    1.60
                           0.83      13.03       14.49      14.49        9.79     1.33    [1.27,1.39]    0.90      0.90      1.40    1.62
                           0.84      14.26       14.50      14.49        9.86     1.45    [1.34,1.50]    0.98      0.98      1.43    1.59
                           0.85      15.88       15.04      14.50       10.66     1.49    [1.40,1.70]    1.10      1.06      1.48    1.59
                           0.86      19.05       15.74      15.15       10.93     1.74    [1.56,1.78]    1.26      1.21      1.65    1.73
                           0.87      20.75       16.47      16.13       13.04     1.59    [1.53,1.68]    1.29      1.26      1.68    1.73
                           0.88      22.28       34.43      29.51       24.28     0.92    [0.92,1.62]    0.76      0.65      1.59    1.71
                           0.89      30.03       36.18      30.06       24.29     1.24    [1.01,1.35]    1.00      0.83      1.89    2.08
--------------------------------------------------------------------------------------------------------------------------------------
  contrast0.85      27.4   0.55       0.52        1.59       1.59        0.50     1.05    [1.02,1.08]    0.33      0.33      0.10    1.03
                           0.56       0.64        1.59       1.59        0.59     1.07    [1.04,1.09]    0.40      0.40      0.13    1.03
                           0.57       0.74        1.59       1.59        0.71     1.05    [1.04,1.08]    0.47      0.47      0.15    1.03
                           0.58       0.87        1.59       1.59        0.81     1.07    [1.05,1.09]    0.54      0.54      0.17    1.04
                           0.59       0.99        1.59       1.59        0.92     1.08    [1.05,1.10]    0.62      0.62      0.20    1.04
                           0.60       1.13        1.59       1.59        1.05     1.08    [1.07,1.09]    0.71      0.71      0.23    1.06
                           0.61       1.26        1.59       1.59        1.17     1.08    [1.07,1.10]    0.79      0.79      0.25    1.06
                           0.62       1.39        1.59       1.59        1.28     1.09    [1.07,1.10]    0.88      0.88      0.28    1.07
                           0.63       1.53        1.59       1.59        1.40     1.09    [1.08,1.11]    0.96      0.96      0.31    1.07
                           0.64       1.68        1.59       1.59        1.59     1.06    [1.03,1.11]    1.06      1.06      0.34    1.08
                           0.65       1.82        1.80       1.80        1.72     1.06    [1.03,1.11]    1.01      1.01      0.37    1.09
                           0.66       1.97        1.90       1.90        1.79     1.10    [1.09,1.12]    1.03      1.03      0.40    1.09
                           0.67       2.12        2.01       2.01        1.89     1.12    [1.11,1.13]    1.06      1.06      0.43    1.10
                           0.68       2.28        2.12       2.12        2.01     1.13    [1.13,1.14]    1.07      1.07      0.46    1.11
                           0.69       2.44        2.24       2.24        2.14     1.14    [1.13,1.15]    1.09      1.09      0.49    1.13
                           0.70       2.62        2.37       2.37        2.28     1.15    [1.13,1.16]    1.10      1.10      0.53    1.14
                           0.71       2.81        2.50       2.50        2.43     1.16    [1.14,1.17]    1.12      1.12      0.56    1.15
                           0.72       3.03        2.64       2.64        2.59     1.17    [1.16,1.18]    1.15      1.15      0.61    1.16
                           0.73       3.26        2.79       2.79        2.75     1.19    [1.18,1.20]    1.17      1.17      0.66    1.16
                           0.74       3.50        2.95       2.95        2.92     1.20    [1.12,1.21]    1.18      1.18      0.70    1.17
                           0.75       3.76        3.12       3.12        3.30     1.14    [1.11,1.21]    1.21      1.21      0.76    1.19
                           0.76       4.06        3.29       3.29        3.30     1.23    [1.12,1.23]    1.23      1.23      0.82    1.21
                           0.77       4.37        4.27       4.27        3.66     1.19    [1.14,1.24]    1.02      1.02      0.88    1.23
                           0.78       4.69        4.50       4.50        3.98     1.18    [1.17,1.26]    1.04      1.04      0.94    1.25
                           0.79       5.03        4.73       4.73        4.00     1.26    [1.21,1.29]    1.06      1.06      1.00    1.25
                           0.80       5.43        4.98       4.98        4.21     1.29    [1.28,1.31]    1.09      1.09      1.00    1.27
                           0.81       5.88        5.24       5.24        4.47     1.32    [1.30,1.34]    1.12      1.12      1.02    1.29
                           0.82       6.47        5.51       5.51        4.77     1.36    [1.28,1.38]    1.18      1.18      1.05    1.34
                           0.83       7.16        5.80       5.80        5.47     1.31    [1.28,1.38]    1.23      1.23      1.08    1.36
                           0.84       8.08        6.10       6.10        5.74     1.41    [1.33,1.45]    1.32      1.32      1.14    1.39
                           0.85      10.27       11.46      10.46        6.73     1.53    [1.40,1.84]    0.98      0.90      1.36    1.61
                           0.86      12.86       11.99      11.79        7.03     1.83    [1.72,1.86]    1.09      1.07      1.59    1.86
                           0.87      13.60       12.54      12.39        7.76     1.75    [1.69,1.89]    1.10      1.08      1.57    1.82
                           0.88      14.56       13.12      13.03        8.82     1.65    [1.56,1.84]    1.12      1.11      1.53    1.75
                           0.89      15.68       13.73      13.70       11.86     1.32    [1.27,1.64]    1.14      1.14      1.47    1.68
                           0.90      17.14       14.36      14.41       12.94     1.32    [1.28,1.38]    1.19      1.19      1.45    1.66
                           0.91      19.76       15.03      15.15       13.72     1.44    [1.38,1.57]    1.30      1.32      1.52    1.75
                           0.92      27.74         nan      30.38       18.06     1.54    [1.47,1.64]    0.91         -      1.93    2.10
--------------------------------------------------------------------------------------------------------------------------------------
  contrast0.95      27.4   0.55       0.46        1.59       1.59        0.44     1.03    [1.03,1.08]    0.29      0.29      0.09    1.02
                           0.56       0.55        1.59       1.59        0.53     1.05    [1.03,1.08]    0.35      0.35      0.11    1.02
                           0.57       0.66        1.59       1.59        0.63     1.05    [1.04,1.07]    0.41      0.41      0.13    1.03
                           0.58       0.76        1.59       1.59        0.72     1.06    [1.05,1.08]    0.48      0.48      0.15    1.04
                           0.59       0.87        1.59       1.59        0.81     1.07    [1.05,1.09]    0.55      0.55      0.18    1.04
                           0.60       0.99        1.59       1.59        0.92     1.07    [1.05,1.09]    0.62      0.62      0.20    1.05
                           0.61       1.12        1.59       1.59        1.04     1.07    [1.06,1.09]    0.70      0.70      0.22    1.06
                           0.62       1.25        1.59       1.59        1.14     1.09    [1.08,1.11]    0.78      0.78      0.25    1.07
                           0.63       1.38        1.59       1.59        1.25     1.11    [1.09,1.12]    0.87      0.87      0.28    1.07
                           0.64       1.51        1.59       1.59        1.36     1.11    [1.09,1.12]    0.95      0.95      0.30    1.08
                           0.65       1.64        1.59       1.59        1.59     1.03    [1.00,1.11]    1.03      1.03      0.33    1.08
                           0.66       1.78        1.76       1.76        1.62     1.10    [1.03,1.11]    1.01      1.01      0.36    1.08
                           0.67       1.92        1.85       1.85        1.79     1.07    [1.04,1.10]    1.03      1.03      0.39    1.09
                           0.68       2.06        1.95       1.95        1.85     1.12    [1.09,1.13]    1.06      1.06      0.41    1.09
                           0.69       2.21        2.05       2.05        1.96     1.13    [1.12,1.14]    1.08      1.08      0.44    1.10
                           0.70       2.35        2.16       2.16        2.07     1.13    [1.12,1.15]    1.09      1.09      0.47    1.10
                           0.71       2.51        2.27       2.27        2.19     1.14    [1.13,1.16]    1.11      1.11      0.50    1.11
                           0.72       2.68        2.38       2.38        2.32     1.15    [1.14,1.17]    1.12      1.12      0.54    1.13
                           0.73       2.87        2.51       2.51        2.46     1.16    [1.15,1.17]    1.14      1.14      0.58    1.15
                           0.74       3.06        2.64       2.64        2.61     1.17    [1.17,1.18]    1.16      1.16      0.62    1.14
                           0.75       3.26        2.77       2.77        2.75     1.19    [1.18,1.19]    1.18      1.18      0.66    1.15
                           0.76       3.47        2.91       2.91        2.89     1.20    [1.04,1.20]    1.19      1.19      0.70    1.15
                           0.77       3.69        3.07       3.07        3.33     1.11    [1.08,1.14]    1.20      1.20      0.74    1.15
                           0.78       3.92        3.22       3.22        3.33     1.18    [1.14,1.21]    1.22      1.22      0.79    1.16
                           0.79       4.19        4.13       4.13        3.46     1.21    [1.19,1.23]    1.01      1.01      0.84    1.18
                           0.80       4.49        4.32       4.32        3.66     1.23    [1.14,1.25]    1.04      1.04      0.90    1.21
                           0.81       4.81        4.51       4.51        3.87     1.24    [1.19,1.25]    1.07      1.07      0.97    1.23
                           0.82       5.16        4.71       4.71        4.07     1.27    [1.23,1.28]    1.10      1.10      0.99    1.25
                           0.83       5.51        4.92       4.92        4.28     1.29    [1.28,1.29]    1.12      1.12      1.00    1.25
                           0.84       5.88        5.14       5.14        4.52     1.30    [1.29,1.31]    1.14      1.14      1.01    1.27
                           0.85       6.30        5.36       5.36        4.77     1.32    [1.31,1.33]    1.17      1.17      1.02    1.29
                           0.86       6.77        5.60       5.60        5.13     1.32    [1.29,1.35]    1.21      1.21      1.04    1.31
                           0.87       7.32        5.85       5.85        5.44     1.35    [1.32,1.37]    1.25      1.25      1.06    1.36
                           0.88       7.99        6.11       6.11        5.77     1.38    [1.30,1.40]    1.31      1.31      1.09    1.36
                           0.89       8.79        6.38       6.38        6.47     1.36    [1.31,1.41]    1.38      1.38      1.14    1.38
                           0.90       9.82        9.97       9.82        6.88     1.43    [1.32,1.46]    1.00      0.99      1.20    1.43
                           0.91      11.29       11.79      11.09        7.82     1.45    [1.37,1.54]    1.02      0.96      1.25    1.49
                           0.92      14.77       13.22      12.52        9.80     1.51    [1.34,1.76]    1.18      1.12      1.48    1.73
                           0.93      19.11       14.30      13.97       11.01     1.74    [1.68,1.84]    1.37      1.34      1.73    2.00
                           0.94      21.92         nan      24.78       13.20     1.66    [1.46,1.79]    0.88         -      1.74    1.92
--------------------------------------------------------------------------------------------------------------------------------------
  contrast0.99      27.4   0.55       0.45        1.60       1.60        0.44     1.03    [1.02,1.09]    0.28      0.28      0.09    1.03
                           0.56       0.55        1.60       1.60        0.52     1.05    [1.02,1.07]    0.34      0.34      0.11    1.03
                           0.57       0.65        1.60       1.60        0.62     1.04    [1.03,1.06]    0.41      0.41      0.13    1.04
                           0.58       0.75        1.60       1.60        0.71     1.06    [1.05,1.07]    0.47      0.47      0.15    1.04
                           0.59       0.86        1.60       1.60        0.81     1.06    [1.05,1.08]    0.54      0.54      0.17    1.04
                           0.60       0.98        1.60       1.60        0.91     1.07    [1.06,1.09]    0.61      0.61      0.20    1.06
                           0.61       1.10        1.60       1.60        1.03     1.07    [1.06,1.09]    0.69      0.69      0.22    1.07
                           0.62       1.22        1.60       1.60        1.13     1.08    [1.07,1.09]    0.76      0.76      0.25    1.07
                           0.63       1.33        1.60       1.60        1.23     1.08    [1.06,1.09]    0.83      0.83      0.27    1.07
                           0.64       1.47        1.60       1.60        1.35     1.08    [1.07,1.09]    0.92      0.92      0.29    1.08
                           0.65       1.59        1.60       1.60        1.60     0.99    [0.97,1.09]    0.99      0.99      0.32    1.08
                           0.66       1.71        1.60       1.60        1.60     1.07    [1.01,1.10]    1.07      1.07      0.34    1.07
                           0.67       1.85        1.82       1.82        1.77     1.04    [1.01,1.08]    1.02      1.02      0.37    1.08
                           0.68       1.98        1.91       1.91        1.80     1.10    [1.07,1.11]    1.04      1.04      0.40    1.08
                           0.69       2.12        2.01       2.01        1.90     1.12    [1.11,1.13]    1.05      1.05      0.43    1.09
                           0.70       2.27        2.12       2.12        2.01     1.13    [1.12,1.14]    1.07      1.07      0.46    1.10
                           0.71       2.43        2.23       2.23        2.13     1.14    [1.13,1.15]    1.09      1.09      0.49    1.11
                           0.72       2.59        2.35       2.35        2.26     1.15    [1.14,1.16]    1.10      1.10      0.52    1.12
                           0.73       2.76        2.47       2.47        2.39     1.15    [1.14,1.16]    1.12      1.12      0.55    1.14
                           0.74       2.94        2.60       2.60        2.53     1.16    [1.15,1.17]    1.13      1.13      0.59    1.15
                           0.75       3.13        2.73       2.73        2.68     1.17    [1.16,1.17]    1.15      1.15      0.63    1.16
                           0.76       3.34        2.88       2.88        2.84     1.18    [1.00,1.19]    1.16      1.16      0.67    1.16
                           0.77       3.56        3.03       3.03        3.36     1.06    [1.03,1.09]    1.18      1.18      0.72    1.17
                           0.78       3.80        3.18       3.18        3.36     1.13    [1.09,1.17]    1.19      1.19      0.76    1.18
                           0.79       4.05        3.35       3.35        3.36     1.21    [1.16,1.21]    1.21      1.21      0.82    1.20
                           0.80       4.29        4.22       4.22        3.78     1.14    [1.13,1.23]    1.02      1.02      0.86    1.21
                           0.81       4.55        4.38       4.38        3.81     1.19    [1.16,1.22]    1.04      1.04      0.91    1.22
                           0.82       4.81        4.55       4.55        4.03     1.19    [1.19,1.25]    1.06      1.06      0.97    1.23
                           0.83       5.08        4.72       4.72        4.04     1.26    [1.23,1.26]    1.08      1.08      1.00    1.25
                           0.84       5.38        4.90       4.90        4.26     1.26    [1.26,1.27]    1.10      1.10      1.01    1.25
                           0.85       5.72        5.09       5.09        4.46     1.28    [1.27,1.29]    1.12      1.12      1.02    1.26
                           0.86       6.09        5.28       5.28        4.71     1.29    [1.28,1.30]    1.15      1.15      1.04    1.27
                           0.87       6.51        5.49       5.49        4.96     1.31    [1.30,1.32]    1.19      1.19      1.05    1.29
                           0.88       6.94        5.70       5.70        5.22     1.33    [1.32,1.34]    1.22      1.22      1.07    1.31
                           0.89       7.40        5.91       5.91        5.49     1.35    [1.34,1.36]    1.25      1.25      1.08    1.34
                           0.90       7.92        6.14       6.14        5.78     1.37    [1.36,1.38]    1.29      1.29      1.10    1.35
                           0.91       8.49        6.37       6.37        6.15     1.38    [1.37,1.40]    1.33      1.33      1.12    1.35
                           0.92       9.27        6.62       6.62        6.57     1.41    [1.39,1.42]    1.40      1.40      1.16    1.38
                           0.93      10.21       10.11      10.11        7.80     1.31    [1.26,1.36]    1.01      1.01      1.20    1.42
                           0.94      11.42       11.06      11.08        7.84     1.46    [1.29,1.48]    1.03      1.03      1.21    1.45
                           0.95      13.34       12.09      12.13        9.95     1.34    [1.31,1.44]    1.10      1.10      1.27    1.51
--------------------------------------------------------------------------------------------------------------------------------------

fidelity ceiling by method
         point         threshold    adaptive_count  fixed_count_mmpp     adaptive_mmpp           learned           optimal
   contrast0.5            0.8440            0.8433            0.8651            0.8654            0.8644            0.8650
   contrast0.7            0.8998            0.8964            0.9149            0.9156            0.9152            0.9156
  contrast0.85            0.9264            0.9189            0.9356            0.9355            0.9356            0.9358
  contrast0.95            0.9477            0.9399            0.9486            0.9508            0.9478            0.9491
  contrast0.99            0.9596            0.9590            0.9620            0.9653            0.9651            0.9653

end-to-end speedup including per-shot overhead (F* = 0.85)
   contrast0.5   0 us: n/a,  5 us: n/a,  20 us: n/a,  100 us: n/a
   contrast0.7   0 us: 1.49x,  5 us: 1.33x,  20 us: 1.17x,  100 us: 1.05x
  contrast0.85   0 us: 1.53x,  5 us: 1.30x,  20 us: 1.13x,  100 us: 1.03x
  contrast0.95   0 us: 1.32x,  5 us: 1.16x,  20 us: 1.06x,  100 us: 1.01x
  contrast0.99   0 us: 1.28x,  5 us: 1.13x,  20 us: 1.05x,  100 us: 1.01x
