
====================================================================================================
RATE-NOISE AMPLITUDE SWEEP, SETPOINT CONVENTION (NO MEAN RENORMALISATION): run-time reduction at matched balanced fidelity
  Same sweep as `noise` but with delta = 0 taken as the laser setpoint, so the mean rate is free to move. Mean-preserving renormalisation pushes the median switching gain below 1 (the photon order here is 2.11), which makes the typical shot easier and could mask harm; this is the cross-check.
  detector: ideal detector (no dead time, no afterpulsing)
  rate noise: no rate noise
  physics layer: nv_charge_readout_master_v1_4
====================================================================================================
         point  ph/dwell     F*  t_thr(us) t_count(us)  t_fcm(us)  T_mmpp(us)  sp_mmpp         95% CI  sp_fcm  sp_count  sp_learn  sp_opt
--------------------------------------------------------------------------------------------------------------------------------------
        sigma0      27.4   0.55       0.45        1.59       1.59        0.44     1.03    [1.02,1.10]    0.28      0.28      0.09    1.02
                           0.56       0.54        1.59       1.59        0.52     1.05    [1.03,1.07]    0.34      0.34      0.11    1.02
                           0.57       0.64        1.59       1.59        0.61     1.05    [1.04,1.07]    0.41      0.41      0.13    1.03
                           0.58       0.74        1.59       1.59        0.70     1.05    [1.04,1.08]    0.47      0.47      0.15    1.02
                           0.59       0.86        1.59       1.59        0.80     1.08    [1.06,1.10]    0.54      0.54      0.17    1.04
                           0.60       0.98        1.59       1.59        0.90     1.08    [1.07,1.10]    0.62      0.62      0.20    1.05
                           0.61       1.10        1.59       1.59        1.02     1.08    [1.06,1.09]    0.69      0.69      0.22    1.06
                           0.62       1.22        1.59       1.59        1.12     1.09    [1.08,1.11]    0.77      0.77      0.24    1.07
                           0.63       1.35        1.59       1.59        1.22     1.11    [1.09,1.12]    0.85      0.85      0.27    1.08
                           0.64       1.46        1.59       1.59        1.32     1.10    [1.09,1.11]    0.92      0.92      0.29    1.08
                           0.65       1.58        1.59       1.59        1.44     1.10    [1.01,1.11]    1.00      1.00      0.32    1.07
                           0.66       1.72        1.59       1.59        1.59     1.08    [1.05,1.10]    1.08      1.08      0.35    1.07
                           0.67       1.86        1.83       1.83        1.76     1.06    [1.05,1.11]    1.02      1.02      0.37    1.07
                           0.68       2.02        1.93       1.93        1.83     1.10    [1.08,1.12]    1.05      1.05      0.41    1.08
                           0.69       2.19        2.03       2.03        1.93     1.13    [1.12,1.14]    1.08      1.08      0.44    1.09
                           0.70       2.34        2.14       2.14        2.06     1.14    [1.13,1.15]    1.09      1.09      0.47    1.10
                           0.71       2.51        2.26       2.26        2.20     1.14    [1.13,1.16]    1.11      1.11      0.51    1.11
                           0.72       2.72        2.38       2.38        2.35     1.16    [1.15,1.18]    1.14      1.14      0.55    1.14
                           0.73       2.92        2.51       2.51        2.50     1.17    [1.16,1.18]    1.16      1.16      0.59    1.15
                           0.74       3.12        2.65       2.65        2.65     1.18    [1.17,1.19]    1.18      1.18      0.63    1.15
                           0.75       3.35        2.79       2.79        2.81     1.19    [1.18,1.20]    1.20      1.20      0.67    1.17
                           0.76       3.59        2.94       2.94        3.32     1.08    [1.06,1.21]    1.22      1.22      0.72    1.18
                           0.77       3.79        3.10       3.10        3.32     1.14    [1.11,1.18]    1.22      1.22      0.76    1.18
                           0.78       4.00        3.27       3.27        3.32     1.21    [1.17,1.22]    1.22      1.22      0.80    1.18
                           0.79       4.27        4.20       4.20        3.52     1.21    [1.14,1.23]    1.02      1.02      0.86    1.20
                           0.80       4.58        4.39       4.39        3.90     1.17    [1.14,1.23]    1.04      1.04      0.92    1.23
                           0.81       4.88        4.58       4.58        3.90     1.25    [1.21,1.27]    1.06      1.06      0.98    1.25
                           0.82       5.20        4.78       4.78        4.25     1.22    [1.19,1.23]    1.09      1.09      1.00    1.25
                           0.83       5.55        4.99       4.99        4.48     1.24    [1.20,1.28]    1.11      1.11      1.00    1.26
                           0.84       5.94        5.21       5.21        4.70     1.26    [1.25,1.31]    1.14      1.14      1.01    1.28
                           0.85       6.41        5.44       5.44        4.82     1.33    [1.27,1.34]    1.18      1.18      1.03    1.31
                           0.86       6.94        5.68       5.68        5.49     1.26    [1.24,1.32]    1.22      1.22      1.05    1.35
                           0.87       7.55        5.93       5.93        5.66     1.33    [1.29,1.39]    1.27      1.27      1.07    1.38
                           0.88       8.30        6.19       6.19        5.91     1.40    [1.36,1.42]    1.34      1.34      1.11    1.39
                           0.89       9.32        6.46       6.46        6.48     1.44    [1.34,1.46]    1.44      1.44      1.17    1.44
                           0.90      11.24       12.81      11.46        7.09     1.59    [1.44,1.94]    0.98      0.88      1.32    1.60
                           0.91      16.35       13.48      12.82        8.08     2.02    [1.58,2.06]    1.28      1.21      1.76    2.07
                           0.92      17.74       14.18      13.73       11.25     1.58    [1.54,1.66]    1.29      1.25      1.69    1.98
                           0.93      19.66       14.91      14.69       11.65     1.69    [1.58,1.73]    1.34      1.32      1.66    1.92
                           0.94      25.01         nan      26.69       14.80     1.69    [1.48,1.79]    0.94         -      1.66    2.03
--------------------------------------------------------------------------------------------------------------------------------------
     sigma0.05      27.4   0.55       0.47        1.59       1.59        0.45     1.04    [1.03,1.07]    0.30      0.30      0.09    1.05
                           0.56       0.56        1.59       1.59        0.53     1.07    [1.05,1.08]    0.36      0.36      0.11    1.04
                           0.57       0.65        1.59       1.59        0.62     1.05    [1.03,1.07]    0.41      0.41      0.13    1.02
                           0.58       0.75        1.59       1.59        0.71     1.06    [1.04,1.08]    0.48      0.48      0.15    1.03
                           0.59       0.86        1.59       1.59        0.80     1.08    [1.06,1.10]    0.54      0.54      0.17    1.05
                           0.60       0.98        1.59       1.59        0.90     1.08    [1.06,1.10]    0.62      0.62      0.20    1.06
                           0.61       1.09        1.59       1.59        1.02     1.07    [1.06,1.09]    0.69      0.69      0.22    1.07
                           0.62       1.19        1.59       1.59        1.12     1.07    [1.06,1.08]    0.75      0.75      0.24    1.06
                           0.63       1.31        1.59       1.59        1.22     1.08    [1.06,1.10]    0.83      0.83      0.26    1.07
                           0.64       1.44        1.59       1.59        1.33     1.08    [1.07,1.10]    0.91      0.91      0.29    1.07
                           0.65       1.57        1.59       1.59        1.45     1.08    [0.99,1.09]    0.99      0.99      0.32    1.07
                           0.66       1.71        1.59       1.59        1.59     1.08    [1.03,1.10]    1.08      1.08      0.34    1.07
                           0.67       1.85        1.81       1.81        1.76     1.05    [1.04,1.11]    1.02      1.02      0.37    1.07
                           0.68       2.00        1.91       1.91        1.82     1.10    [1.07,1.12]    1.04      1.04      0.40    1.08
                           0.69       2.16        2.02       2.02        1.91     1.13    [1.12,1.15]    1.07      1.07      0.43    1.10
                           0.70       2.33        2.13       2.13        2.03     1.15    [1.13,1.16]    1.09      1.09      0.47    1.11
                           0.71       2.51        2.25       2.25        2.17     1.16    [1.14,1.17]    1.12      1.12      0.50    1.13
                           0.72       2.69        2.38       2.38        2.31     1.16    [1.15,1.18]    1.13      1.13      0.54    1.14
                           0.73       2.88        2.51       2.51        2.46     1.17    [1.16,1.18]    1.15      1.15      0.58    1.15
                           0.74       3.08        2.65       2.65        2.62     1.18    [1.17,1.19]    1.16      1.16      0.62    1.16
                           0.75       3.29        2.79       2.79        2.78     1.19    [1.18,1.19]    1.18      1.18      0.66    1.16
                           0.76       3.52        2.95       2.95        3.31     1.06    [1.05,1.20]    1.19      1.19      0.71    1.17
                           0.77       3.76        3.11       3.11        3.31     1.14    [1.09,1.18]    1.21      1.21      0.76    1.18
                           0.78       4.03        3.28       3.28        3.31     1.22    [1.17,1.23]    1.23      1.23      0.81    1.20
                           0.79       4.29        4.23       4.23        3.51     1.22    [1.18,1.24]    1.01      1.01      0.86    1.22
                           0.80       4.56        4.42       4.42        3.88     1.17    [1.15,1.25]    1.03      1.03      0.92    1.23
                           0.81       4.87        4.62       4.62        3.89     1.25    [1.20,1.26]    1.05      1.05      0.98    1.25
                           0.82       5.21        4.83       4.83        4.26     1.22    [1.19,1.23]    1.08      1.08      0.99    1.25
                           0.83       5.60        5.05       5.05        4.47     1.25    [1.22,1.29]    1.11      1.11      1.00    1.26
                           0.84       6.03        5.28       5.28        4.70     1.28    [1.26,1.32]    1.14      1.14      1.01    1.28
                           0.85       6.56        5.52       5.52        5.11     1.29    [1.28,1.35]    1.19      1.19      1.03    1.32
                           0.86       7.14        5.77       5.77        5.54     1.29    [1.27,1.35]    1.24      1.24      1.05    1.36
                           0.87       7.84        6.04       6.04        5.68     1.38    [1.32,1.41]    1.30      1.30      1.08    1.37
                           0.88       8.78        6.31       6.31        6.18     1.42    [1.37,1.46]    1.39      1.39      1.13    1.40
                           0.89      10.11       12.51      10.46        7.08     1.43    [1.36,1.52]    0.97      0.81      1.23    1.49
                           0.90      13.58       13.11      12.51        8.04     1.69    [1.44,1.97]    1.08      1.04      1.55    1.82
                           0.91      16.55       13.74      13.33       10.16     1.63    [1.53,2.02]    1.24      1.20      1.70    1.97
                           0.92      17.80       14.41      14.20       11.30     1.57    [1.53,1.65]    1.25      1.24      1.65    1.90
                           0.93      20.01       15.10      15.12       11.86     1.69    [1.49,1.77]    1.32      1.33      1.66    1.85
--------------------------------------------------------------------------------------------------------------------------------------
      sigma0.1      27.4   0.55       0.46        1.59       1.59        0.44     1.03    [1.02,1.08]    0.29      0.29      0.09    1.02
                           0.56       0.56        1.59       1.59        0.53     1.06    [1.03,1.08]    0.35      0.35      0.11    1.02
                           0.57       0.67        1.59       1.59        0.64     1.05    [1.03,1.06]    0.42      0.42      0.13    1.02
                           0.58       0.78        1.59       1.59        0.73     1.07    [1.05,1.10]    0.49      0.49      0.16    1.03
                           0.59       0.92        1.59       1.59        0.83     1.11    [1.08,1.12]    0.58      0.58      0.19    1.06
                           0.60       1.03        1.59       1.59        0.95     1.09    [1.07,1.10]    0.65      0.65      0.21    1.06
                           0.61       1.15        1.59       1.59        1.07     1.07    [1.06,1.08]    0.72      0.72      0.23    1.06
                           0.62       1.27        1.59       1.59        1.17     1.08    [1.07,1.09]    0.79      0.79      0.25    1.07
                           0.63       1.39        1.59       1.59        1.28     1.08    [1.07,1.10]    0.87      0.87      0.28    1.07
                           0.64       1.53        1.59       1.59        1.41     1.09    [1.00,1.10]    0.96      0.96      0.31    1.08
                           0.65       1.69        1.59       1.59        1.59     1.06    [1.01,1.09]    1.06      1.06      0.34    1.09
                           0.66       1.82        1.81       1.81        1.76     1.04    [1.03,1.10]    1.00      1.00      0.37    1.08
                           0.67       1.96        1.91       1.91        1.82     1.08    [1.05,1.11]    1.03      1.03      0.39    1.08
                           0.68       2.13        2.02       2.02        1.90     1.12    [1.10,1.13]    1.05      1.05      0.43    1.10
                           0.69       2.29        2.13       2.13        2.02     1.13    [1.12,1.15]    1.08      1.08      0.46    1.11
                           0.70       2.46        2.24       2.24        2.16     1.14    [1.13,1.16]    1.10      1.10      0.50    1.12
                           0.71       2.64        2.36       2.36        2.30     1.15    [1.14,1.16]    1.12      1.12      0.53    1.14
                           0.72       2.84        2.49       2.49        2.45     1.16    [1.15,1.17]    1.14      1.14      0.57    1.15
                           0.73       3.05        2.63       2.63        2.60     1.17    [1.16,1.18]    1.16      1.16      0.61    1.16
                           0.74       3.25        2.78       2.78        2.76     1.18    [1.17,1.19]    1.17      1.17      0.65    1.16
                           0.75       3.44        2.93       2.93        2.89     1.19    [1.05,1.19]    1.17      1.17      0.69    1.15
                           0.76       3.66        3.09       3.09        3.34     1.10    [1.06,1.14]    1.19      1.19      0.74    1.16
                           0.77       3.94        3.26       3.26        3.34     1.18    [1.13,1.21]    1.21      1.21      0.79    1.18
                           0.78       4.22        4.16       4.16        3.53     1.20    [1.17,1.22]    1.01      1.01      0.85    1.20
                           0.79       4.50        4.33       4.33        3.91     1.15    [1.13,1.24]    1.04      1.04      0.90    1.22
                           0.80       4.80        4.51       4.51        3.93     1.22    [1.18,1.25]    1.06      1.06      0.96    1.24
                           0.81       5.12        4.69       4.69        4.20     1.22    [1.20,1.25]    1.09      1.09      1.00    1.25
                           0.82       5.45        4.89       4.89        4.50     1.21    [1.19,1.25]    1.12      1.12      1.01    1.26
                           0.83       5.81        5.09       5.09        4.54     1.28    [1.24,1.30]    1.14      1.14      1.02    1.27
                           0.84       6.19        5.30       5.30        4.79     1.29    [1.27,1.32]    1.17      1.17      1.03    1.29
                           0.85       6.61        5.52       5.52        5.18     1.28    [1.26,1.33]    1.20      1.20      1.03    1.31
                           0.86       7.09        5.75       5.75        5.71     1.24    [1.22,1.30]    1.23      1.23      1.05    1.35
                           0.87       7.64        5.99       5.99        5.75     1.33    [1.28,1.38]    1.28      1.28      1.07    1.35
                           0.88       8.32        6.23       6.23        5.99     1.39    [1.34,1.42]    1.34      1.34      1.10    1.35
                           0.89       9.30        6.49       6.49        6.48     1.43    [1.34,1.46]    1.43      1.43      1.16    1.40
                           0.90      11.25       12.86      11.54        7.19     1.56    [1.41,1.70]    0.98      0.87      1.31    1.58
                           0.91      16.40       13.55      12.95        8.15     2.01    [1.58,2.05]    1.27      1.21      1.73    2.03
                           0.92      18.21       14.28      13.87       11.37     1.60    [1.57,1.70]    1.31      1.28      1.72    1.99
                           0.93      20.03       15.05      14.85       11.80     1.70    [1.59,1.75]    1.35      1.33      1.69    1.90
--------------------------------------------------------------------------------------------------------------------------------------
      sigma0.2      27.4   0.55       0.48        1.60       1.60        0.46     1.04    [1.02,1.07]    0.30      0.30      0.10    1.01
                           0.56       0.59        1.60       1.60        0.56     1.06    [1.04,1.09]    0.37      0.37      0.12    1.03
                           0.57       0.70        1.60       1.60        0.67     1.04    [1.04,1.06]    0.44      0.44      0.14    1.03
                           0.58       0.82        1.60       1.60        0.76     1.08    [1.05,1.10]    0.51      0.51      0.17    1.04
                           0.59       0.95        1.60       1.60        0.87     1.09    [1.07,1.11]    0.59      0.59      0.19    1.06
                           0.60       1.07        1.60       1.60        0.99     1.07    [1.05,1.10]    0.67      0.67      0.21    1.06
                           0.61       1.17        1.60       1.60        1.10     1.06    [1.05,1.08]    0.74      0.74      0.24    1.05
                           0.62       1.30        1.60       1.60        1.20     1.08    [1.07,1.10]    0.82      0.82      0.26    1.06
                           0.63       1.43        1.60       1.60        1.31     1.09    [1.08,1.11]    0.90      0.90      0.29    1.07
                           0.64       1.56        1.60       1.60        1.42     1.10    [1.00,1.11]    0.98      0.98      0.31    1.07
                           0.65       1.68        1.60       1.60        1.60     1.05    [1.02,1.09]    1.05      1.05      0.34    1.06
                           0.66       1.84        1.80       1.80        1.76     1.04    [1.04,1.10]    1.02      1.02      0.37    1.07
                           0.67       1.99        1.90       1.90        1.82     1.09    [1.07,1.11]    1.05      1.05      0.40    1.08
                           0.68       2.13        2.01       2.01        1.91     1.11    [1.10,1.12]    1.06      1.06      0.43    1.08
                           0.69       2.28        2.13       2.13        2.04     1.12    [1.11,1.13]    1.07      1.07      0.46    1.09
                           0.70       2.45        2.25       2.25        2.17     1.13    [1.11,1.14]    1.09      1.09      0.49    1.10
                           0.71       2.64        2.38       2.38        2.31     1.14    [1.13,1.16]    1.11      1.11      0.53    1.13
                           0.72       2.84        2.52       2.52        2.46     1.16    [1.14,1.17]    1.13      1.13      0.57    1.15
                           0.73       3.06        2.66       2.66        2.62     1.17    [1.16,1.18]    1.15      1.15      0.61    1.16
                           0.74       3.27        2.81       2.81        2.78     1.18    [1.17,1.19]    1.16      1.16      0.66    1.16
                           0.75       3.50        2.98       2.98        3.34     1.05    [1.05,1.19]    1.18      1.18      0.70    1.17
                           0.76       3.76        3.15       3.15        3.34     1.13    [1.08,1.17]    1.20      1.20      0.76    1.18
                           0.77       4.05        3.33       3.33        3.34     1.21    [1.16,1.22]    1.22      1.22      0.81    1.21
                           0.78       4.29        4.24       4.24        3.55     1.21    [1.18,1.23]    1.01      1.01      0.86    1.21
                           0.79       4.54        4.42       4.42        3.91     1.16    [1.14,1.24]    1.03      1.03      0.91    1.22
                           0.80       4.88        4.62       4.62        3.93     1.24    [1.19,1.26]    1.06      1.06      0.98    1.25
                           0.81       5.24        4.82       4.82        4.31     1.21    [1.17,1.23]    1.09      1.09      1.01    1.26
                           0.82       5.60        5.04       5.04        4.54     1.23    [1.19,1.28]    1.11      1.11      1.02    1.26
                           0.83       6.01        5.26       5.26        4.79     1.25    [1.24,1.31]    1.14      1.14      1.02    1.28
                           0.84       6.49        5.49       5.49        4.91     1.32    [1.28,1.33]    1.18      1.18      1.04    1.31
                           0.85       7.00        5.73       5.74        5.41     1.29    [1.24,1.32]    1.22      1.22      1.05    1.34
                           0.86       7.57        5.99       5.99        5.76     1.31    [1.27,1.37]    1.26      1.26      1.07    1.35
                           0.87       8.29        6.25       6.26        5.91     1.40    [1.35,1.41]    1.32      1.33      1.10    1.35
                           0.88       9.33        6.53       6.53        6.55     1.42    [1.33,1.44]    1.43      1.43      1.17    1.40
                           0.89      10.85       12.90      10.89        7.21     1.51    [1.40,1.63]    1.00      0.84      1.26    1.51
                           0.90      16.19       13.57      12.53        8.22     1.97    [1.52,2.01]    1.29      1.19      1.70    1.97
                           0.91      18.19       14.27      13.56       10.95     1.66    [1.56,1.71]    1.34      1.27      1.72    1.96
                           0.92      19.86       15.01      14.68       11.89     1.67    [1.62,1.72]    1.35      1.32      1.70    1.87
                           0.93      22.90         nan      24.96       15.11     1.52    [1.43,1.77]    0.92         -      1.65    1.84
--------------------------------------------------------------------------------------------------------------------------------------
      sigma0.3      27.4   0.55       0.47        1.59       1.59        0.45     1.03    [1.02,1.07]    0.29      0.29      0.09    1.01
                           0.56       0.57        1.59       1.59        0.55     1.05    [1.03,1.07]    0.36      0.36      0.12    1.02
                           0.57       0.69        1.59       1.59        0.66     1.04    [1.03,1.06]    0.43      0.43      0.14    1.03
                           0.58       0.81        1.59       1.59        0.75     1.08    [1.05,1.10]    0.51      0.51      0.16    1.05
                           0.59       0.92        1.59       1.59        0.86     1.08    [1.06,1.10]    0.58      0.58      0.19    1.05
                           0.60       1.05        1.59       1.59        0.97     1.07    [1.05,1.09]    0.66      0.66      0.21    1.06
                           0.61       1.15        1.59       1.59        1.09     1.06    [1.05,1.07]    0.72      0.72      0.23    1.06
                           0.62       1.28        1.59       1.59        1.19     1.07    [1.06,1.09]    0.80      0.80      0.26    1.07
                           0.63       1.40        1.59       1.59        1.29     1.09    [1.07,1.10]    0.88      0.88      0.28    1.08
                           0.64       1.54        1.59       1.59        1.41     1.09    [1.00,1.10]    0.97      0.97      0.31    1.08
                           0.65       1.68        1.59       1.59        1.59     1.06    [1.02,1.09]    1.06      1.06      0.34    1.08
                           0.66       1.81        1.80       1.80        1.66     1.09    [1.04,1.10]    1.01      1.01      0.36    1.07
                           0.67       1.95        1.91       1.91        1.81     1.08    [1.06,1.10]    1.02      1.02      0.39    1.07
                           0.68       2.09        2.01       2.01        1.88     1.12    [1.10,1.12]    1.04      1.04      0.42    1.08
                           0.69       2.25        2.13       2.13        2.00     1.13    [1.11,1.14]    1.06      1.06      0.45    1.09
                           0.70       2.42        2.25       2.25        2.13     1.14    [1.12,1.15]    1.08      1.08      0.49    1.10
                           0.71       2.61        2.38       2.38        2.27     1.15    [1.13,1.16]    1.10      1.10      0.52    1.12
                           0.72       2.82        2.51       2.51        2.42     1.16    [1.15,1.18]    1.12      1.12      0.57    1.15
                           0.73       3.02        2.66       2.66        2.58     1.17    [1.16,1.18]    1.14      1.14      0.61    1.15
                           0.74       3.26        2.81       2.81        2.76     1.18    [1.17,1.19]    1.16      1.16      0.65    1.16
                           0.75       3.53        2.97       2.97        3.34     1.06    [1.05,1.20]    1.19      1.19      0.71    1.18
                           0.76       3.78        3.14       3.14        3.34     1.13    [1.09,1.17]    1.21      1.21      0.76    1.19
                           0.77       4.04        3.32       3.32        3.34     1.21    [1.16,1.22]    1.22      1.22      0.81    1.20
                           0.78       4.30        4.24       4.24        3.55     1.21    [1.18,1.23]    1.01      1.01      0.86    1.21
                           0.79       4.57        4.45       4.45        3.91     1.17    [1.15,1.24]    1.03      1.03      0.92    1.23
                           0.80       4.90        4.67       4.67        3.94     1.24    [1.20,1.25]    1.05      1.05      0.99    1.25
                           0.81       5.27        4.90       4.90        4.33     1.22    [1.18,1.22]    1.08      1.08      1.00    1.25
                           0.82       5.70        5.13       5.13        4.55     1.25    [1.21,1.29]    1.11      1.11      1.01    1.26
                           0.83       6.18        5.38       5.38        4.82     1.28    [1.25,1.32]    1.15      1.15      1.03    1.28
                           0.84       6.71        5.64       5.64        5.12     1.31    [1.24,1.33]    1.19      1.19      1.04    1.31
                           0.85       7.30        5.92       5.92        5.78     1.26    [1.23,1.32]    1.23      1.23      1.06    1.34
                           0.86       8.08        6.21       6.21        5.85     1.38    [1.31,1.39]    1.30      1.30      1.10    1.35
                           0.87       9.09        6.51       6.51        6.57     1.38    [1.32,1.43]    1.40      1.40      1.16    1.40
                           0.88      10.43       12.55      10.41        7.23     1.44    [1.35,1.53]    1.00      0.83      1.23    1.48
                           0.89      12.21       13.32      11.84        8.33     1.47    [1.39,1.88]    1.03      0.92      1.31    1.56
                           0.90      17.93       14.13      13.15       11.04     1.62    [1.54,2.11]    1.36      1.27      1.75    2.05
                           0.91      19.80       15.00      14.37       11.70     1.69    [1.63,1.74]    1.38      1.32      1.76    2.04
                           0.92      22.56       32.56      15.69       14.52     1.55    [1.44,1.70]    1.44      0.69      1.76    1.97
--------------------------------------------------------------------------------------------------------------------------------------

fidelity ceiling by method
         point         threshold    adaptive_count  fixed_count_mmpp     adaptive_mmpp           learned           optimal
        sigma0            0.9404            0.9370            0.9471            0.9471            0.9469            0.9468
     sigma0.05            0.9398            0.9347            0.9426            0.9465            0.9462            0.9463
      sigma0.1            0.9398            0.9359            0.9461            0.9461            0.9470            0.9467
      sigma0.2            0.9330            0.9278            0.9397            0.9399            0.9397            0.9397
      sigma0.3            0.9283            0.9210            0.9366            0.9363            0.9358            0.9357

end-to-end speedup including per-shot overhead (F* = 0.85)
        sigma0   0 us: 1.33x,  5 us: 1.16x,  20 us: 1.06x,  100 us: 1.02x
     sigma0.05   0 us: 1.29x,  5 us: 1.14x,  20 us: 1.06x,  100 us: 1.01x
      sigma0.1   0 us: 1.28x,  5 us: 1.14x,  20 us: 1.06x,  100 us: 1.01x
      sigma0.2   0 us: 1.29x,  5 us: 1.15x,  20 us: 1.06x,  100 us: 1.02x
      sigma0.3   0 us: 1.26x,  5 us: 1.14x,  20 us: 1.06x,  100 us: 1.01x
