
====================================================================================================
SPETHMANN ET AL. NOISE MODEL: SNR SWEEP (ADDITIVE, GAUSSIAN SPECTRUM, T_C = 10 US): run-time reduction at matched balanced fidelity
  The paper's SNR = |mu_1 - mu_2| / sqrt(Sigma_0), with the click rate as the signal.
  detector: ideal detector (no dead time, no afterpulsing)
  rate noise: additive Gaussian-spectrum emission noise (Spethmann et al.), SNR = 10, T_c = 10 us, independent per state
  physics layer: nv_charge_readout_master_v1_4
====================================================================================================
         point  ph/dwell     F*  t_thr(us) t_count(us)  t_fcm(us)  T_mmpp(us)  sp_mmpp         95% CI  sp_fcm  sp_count  sp_learn  sp_opt  sp_hmm
----------------------------------------------------------------------------------------------------------------------------------------------
         snr10      27.4   0.55       0.50        1.59       1.59        0.49     1.03    [1.01,1.05]    0.31      0.31      0.10    1.03    1.00
                           0.56       0.60        1.59       1.59        0.58     1.04    [1.02,1.06]    0.38      0.38      0.12    1.02    1.00
                           0.57       0.72        1.59       1.59        0.68     1.05    [1.03,1.06]    0.45      0.45      0.14    1.04    1.00
                           0.58       0.83        1.59       1.59        0.77     1.08    [1.06,1.10]    0.52      0.52      0.17    1.05    1.00
                           0.59       0.93        1.59       1.59        0.86     1.08    [1.06,1.10]    0.59      0.59      0.19    1.05    1.00
                           0.60       1.05        1.59       1.59        0.97     1.08    [1.06,1.09]    0.66      0.66      0.21    1.05    1.00
                           0.61       1.17        1.59       1.59        1.09     1.07    [1.06,1.08]    0.73      0.73      0.23    1.06    1.00
                           0.62       1.30        1.59       1.59        1.19     1.09    [1.08,1.11]    0.81      0.81      0.26    1.08    1.00
                           0.63       1.42        1.59       1.59        1.30     1.09    [1.08,1.11]    0.89      0.89      0.28    1.08    1.00
                           0.64       1.54        1.59       1.59        1.41     1.09    [1.08,1.10]    0.97      0.97      0.31    1.07    1.00
                           0.65       1.69        1.59       1.59        1.59     1.06    [1.03,1.10]    1.06      1.06      0.34    1.08    1.00
                           0.66       1.84        1.82       1.82        1.68     1.10    [1.06,1.10]    1.02      1.02      0.37    1.09    1.00
                           0.67       1.99        1.92       1.92        1.82     1.09    [1.08,1.11]    1.04      1.04      0.40    1.09    1.00
                           0.68       2.13        2.02       2.02        1.90     1.12    [1.11,1.13]    1.05      1.05      0.43    1.09    1.00
                           0.69       2.29        2.13       2.13        2.02     1.13    [1.12,1.15]    1.07      1.07      0.46    1.10    1.00
                           0.70       2.48        2.25       2.25        2.16     1.15    [1.13,1.16]    1.10      1.10      0.50    1.13    1.00
                           0.71       2.66        2.38       2.38        2.30     1.16    [1.14,1.17]    1.12      1.12      0.54    1.15    1.00
                           0.72       2.87        2.51       2.51        2.46     1.17    [1.15,1.18]    1.14      1.14      0.58    1.16    1.00
                           0.73       3.08        2.65       2.65        2.62     1.18    [1.17,1.19]    1.16      1.16      0.62    1.16    1.00
                           0.74       3.29        2.79       2.79        2.76     1.19    [1.18,1.20]    1.18      1.18      0.66    1.17    1.00
                           0.75       3.52        2.95       2.95        2.93     1.20    [1.08,1.21]    1.19      1.19      0.71    1.18    1.00
                           0.76       3.76        3.11       3.11        3.31     1.13    [1.10,1.18]    1.21      1.21      0.76    1.19    1.00
                           0.77       4.01        3.28       3.28        3.31     1.21    [1.14,1.22]    1.22      1.22      0.81    1.20    1.00
                           0.78       4.29        4.22       4.22        3.59     1.20    [1.16,1.24]    1.02      1.02      0.86    1.22    1.00
                           0.79       4.60        4.42       4.42        3.93     1.17    [1.16,1.25]    1.04      1.04      0.92    1.25    1.00
                           0.80       4.93        4.62       4.62        3.96     1.25    [1.20,1.27]    1.07      1.07      0.99    1.26    1.00
                           0.81       5.28        4.83       4.83        4.19     1.26    [1.25,1.28]    1.09      1.09      1.00    1.27    1.00
                           0.82       5.65        5.04       5.05        4.38     1.29    [1.27,1.31]    1.12      1.12      1.01    1.28    1.00
                           0.83       6.09        5.27       5.28        4.79     1.27    [1.26,1.33]    1.15      1.15      1.02    1.30    1.00
                           0.84       6.61        5.51       5.52        4.90     1.35    [1.23,1.35]    1.20      1.20      1.04    1.34    1.00
                           0.85       7.26        5.76       5.77        5.62     1.29    [1.26,1.34]    1.26      1.26      1.07    1.37    1.00
                           0.86       7.95        6.03       6.03        5.74     1.39    [1.34,1.42]    1.32      1.32      1.10    1.37    1.00
                           0.87       8.87        6.30       6.31        6.36     1.39    [1.35,1.47]    1.41      1.41      1.15    1.40    1.00
                           0.88      10.67       12.25      11.33        7.05     1.51    [1.39,1.90]    0.94      0.87      1.30    1.56    1.00
                           0.89      15.33       12.93      12.54        7.52     2.04    [1.90,2.13]    1.22      1.19      1.75    2.09    1.03
                           0.90      16.93       13.66      13.41        8.96     1.89    [1.50,2.04]    1.26      1.24      1.73    2.00    1.01
                           0.91      18.76       14.42      14.34       11.85     1.58    [1.51,1.68]    1.31      1.30      1.66    1.94    1.00
                           0.92      25.74       15.23      24.55       14.66     1.76    [1.45,1.92]    1.05      1.69      1.96    2.27    1.14
----------------------------------------------------------------------------------------------------------------------------------------------
          snr5      27.4   0.55       0.56        1.59       1.59        0.53     1.07    [1.04,1.09]    0.35      0.35      0.11    1.06    1.00
                           0.56       0.66        1.59       1.59        0.63     1.06    [1.04,1.07]    0.42      0.42      0.13    1.04    1.00
                           0.57       0.78        1.59       1.59        0.73     1.07    [1.05,1.09]    0.49      0.49      0.16    1.06    1.00
                           0.58       0.89        1.59       1.59        0.82     1.09    [1.06,1.11]    0.56      0.56      0.18    1.06    1.00
                           0.59       1.01        1.59       1.59        0.93     1.09    [1.07,1.11]    0.64      0.64      0.20    1.06    1.00
                           0.60       1.13        1.59       1.59        1.04     1.08    [1.07,1.10]    0.71      0.71      0.23    1.06    1.00
                           0.61       1.25        1.59       1.59        1.16     1.08    [1.07,1.10]    0.79      0.79      0.25    1.08    1.00
                           0.62       1.39        1.59       1.59        1.27     1.10    [1.08,1.11]    0.88      0.88      0.28    1.08    1.00
                           0.63       1.54        1.59       1.59        1.39     1.11    [1.09,1.12]    0.97      0.97      0.31    1.09    1.00
                           0.64       1.68        1.59       1.59        1.53     1.10    [1.02,1.11]    1.06      1.06      0.34    1.09    1.00
                           0.65       1.82        1.80       1.80        1.74     1.05    [1.01,1.10]    1.01      1.01      0.37    1.09    1.00
                           0.66       1.97        1.90       1.90        1.77     1.11    [1.09,1.12]    1.04      1.04      0.40    1.10    1.00
                           0.67       2.14        2.01       2.01        1.89     1.13    [1.12,1.14]    1.06      1.06      0.43    1.11    1.00
                           0.68       2.30        2.12       2.12        2.02     1.14    [1.13,1.15]    1.08      1.08      0.46    1.12    1.00
                           0.69       2.48        2.24       2.24        2.15     1.15    [1.14,1.17]    1.10      1.10      0.50    1.13    1.00
                           0.70       2.67        2.37       2.37        2.29     1.16    [1.15,1.18]    1.13      1.13      0.54    1.15    1.00
                           0.71       2.88        2.51       2.51        2.44     1.18    [1.16,1.19]    1.15      1.15      0.58    1.15    1.00
                           0.72       3.08        2.65       2.65        2.60     1.18    [1.18,1.19]    1.16      1.16      0.62    1.16    1.00
                           0.73       3.32        2.80       2.80        2.78     1.19    [1.18,1.20]    1.19      1.19      0.67    1.17    1.00
                           0.74       3.57        2.96       2.96        2.96     1.21    [1.14,1.22]    1.21      1.21      0.72    1.19    1.00
                           0.75       3.83        3.13       3.13        3.28     1.17    [1.14,1.22]    1.23      1.23      0.77    1.21    1.00
                           0.76       4.11        4.09       4.09        3.70     1.11    [1.10,1.24]    1.00      1.00      0.83    1.23    1.00
                           0.77       4.38        4.31       4.31        3.71     1.18    [1.14,1.23]    1.02      1.02      0.88    1.25    1.00
                           0.78       4.71        4.53       4.53        3.71     1.27    [1.18,1.29]    1.04      1.04      0.95    1.26    1.00
                           0.79       5.15        4.77       4.77        4.05     1.27    [1.22,1.31]    1.08      1.08      1.01    1.28    1.00
                           0.80       5.67        5.02       5.02        4.28     1.32    [1.30,1.35]    1.13      1.13      1.03    1.31    1.00
                           0.81       6.20        5.28       5.28        4.60     1.35    [1.33,1.36]    1.17      1.17      1.05    1.34    1.00
                           0.82       6.78        5.56       5.56        4.95     1.37    [1.18,1.38]    1.22      1.22      1.06    1.34    1.00
                           0.83       7.48        5.85       5.85        5.82     1.28    [1.22,1.40]    1.28      1.28      1.09    1.32    1.00
                           0.84       8.83        6.15       6.16        6.24     1.42    [1.27,1.49]    1.43      1.43      1.20    1.41    1.00
                           0.85      10.72       11.70      10.59        7.55     1.42    [1.28,1.84]    1.01      0.92      1.35    1.57    1.00
                           0.86      14.65       12.41      11.93        7.66     1.91    [1.74,1.94]    1.23      1.18      1.71    1.98    1.00
                           0.87      15.86       13.17      12.92        8.26     1.92    [1.77,1.98]    1.23      1.20      1.59    1.88    1.00
                           0.88      17.41       13.97      13.99        9.88     1.76    [1.30,1.91]    1.24      1.25      1.54    1.79    1.00
                           0.89      19.96       14.83      15.33       14.05     1.42    [1.33,1.62]    1.30      1.35      1.55    1.81    1.00
                           0.90      27.64       34.88      30.96       18.60     1.49    [1.41,1.66]    0.89      0.79      1.90    2.15    1.03
----------------------------------------------------------------------------------------------------------------------------------------------
          snr3      27.4   0.55       0.54        1.57       1.57        0.51     1.05    [1.04,1.07]    0.34      0.34      0.11    1.02    1.00
                           0.56       0.66        1.57       1.57        0.62     1.07    [1.04,1.09]    0.42      0.42      0.13    1.03    1.00
                           0.57       0.78        1.57       1.57        0.75     1.05    [1.03,1.07]    0.50      0.50      0.16    1.03    1.00
                           0.58       0.93        1.57       1.57        0.85     1.08    [1.06,1.11]    0.59      0.59      0.19    1.05    1.00
                           0.59       1.07        1.57       1.57        0.97     1.10    [1.07,1.12]    0.68      0.68      0.22    1.07    1.00
                           0.60       1.21        1.57       1.57        1.11     1.09    [0.81,1.10]    0.77      0.77      0.24    1.06    1.00
                           0.61       1.37        1.57       1.57        1.57     0.87    [0.82,0.93]    0.87      0.87      0.28    1.07    1.00
                           0.62       1.54        1.57       1.57        1.57     0.98    [0.92,1.04]    0.98      0.98      0.31    1.08    1.00
                           0.63       1.71        1.57       1.57        1.57     1.09    [1.02,1.11]    1.09      1.09      0.34    1.10    1.00
                           0.64       1.86        1.83       1.83        1.77     1.05    [1.03,1.12]    1.01      1.02      0.37    1.10    1.00
                           0.65       2.04        1.94       1.95        1.82     1.12    [1.08,1.13]    1.05      1.05      0.41    1.11    1.00
                           0.66       2.24        2.06       2.07        2.04     1.10    [1.07,1.13]    1.08      1.09      0.45    1.14    1.00
                           0.67       2.43        2.19       2.20        2.55     0.95    [0.93,1.09]    1.11      1.11      0.49    1.15    1.00
                           0.68       2.63        2.33       2.33        2.60     1.01    [0.97,1.05]    1.13      1.13      0.53    1.16    1.00
                           0.69       2.84        2.47       2.47        2.66     1.07    [1.03,1.10]    1.15      1.15      0.57    1.16    1.00
                           0.70       3.05        2.63       2.63        2.72     1.12    [1.09,1.16]    1.16      1.16      0.61    1.16    1.00
                           0.71       3.30        2.79       2.79        2.78     1.19    [1.14,1.22]    1.18      1.18      0.66    1.18    1.00
                           0.72       3.59        2.96       2.96        2.93     1.22    [1.21,1.24]    1.21      1.21      0.72    1.20    1.00
                           0.73       3.91        3.14       3.14        3.21     1.22    [1.14,1.25]    1.24      1.24      0.79    1.24    1.00
                           0.74       4.24        4.19       4.19        3.64     1.16    [1.14,1.25]    1.01      1.01      0.85    1.26    1.00
                           0.75       4.60        4.43       4.43        3.75     1.23    [1.18,1.28]    1.04      1.04      0.92    1.26    1.00
                           0.76       5.11        4.69       4.70        4.11     1.24    [1.23,1.32]    1.09      1.09      1.00    1.29    1.00
                           0.77       5.66        4.97       4.98        4.49     1.26    [1.24,1.30]    1.14      1.14      1.01    1.32    1.00
                           0.78       6.37        5.26       5.27        4.72     1.35    [1.27,1.40]    1.21      1.21      1.03    1.32    1.00
                           0.79       7.21        5.57       5.59        5.15     1.40    [1.30,1.43]    1.29      1.29      1.07    1.30    1.00
                           0.80       8.21        5.90       5.92        6.08     1.35    [1.29,1.51]    1.39      1.39      1.10    1.31    1.00
                           0.81      10.42       11.00      11.05        6.36     1.64    [1.13,1.94]    0.94      0.95      1.27    1.49    0.79
                           0.82      14.43       11.90      11.94        9.16     1.57    [1.47,1.64]    1.21      1.21      1.57    1.87    1.00
                           0.83      15.66       12.88      12.91        9.46     1.66    [1.59,1.74]    1.21      1.22      1.50    1.73    1.00
                           0.84      17.52       13.94      13.95       10.56     1.66    [1.60,1.90]    1.26      1.26      1.49    1.68    1.00
                           0.85      23.49       31.57      17.20       20.43     1.15    [1.15,2.14]    1.37      0.74      1.77    1.99    1.05
                           0.86      25.60       36.73      29.89       20.66     1.24    [1.19,1.39]    0.86      0.70      1.74    1.92    1.00
                           0.87      35.22       37.32      32.56       20.90     1.69    [1.37,2.27]    1.08      0.94      2.17    2.32    1.09
----------------------------------------------------------------------------------------------------------------------------------------------
          snr2      27.4   0.55       0.59        1.57       1.57        0.56     1.05    [1.03,1.08]    0.37      0.37      0.12    1.04    1.00
                           0.56       0.72        1.57       1.57        0.68     1.05    [1.03,1.07]    0.46      0.46      0.14    1.04    1.00
                           0.57       0.87        1.57       1.57        0.82     1.06    [1.04,1.10]    0.55      0.55      0.17    1.05    1.00
                           0.58       1.04        1.57       1.57        0.93     1.11    [1.08,1.14]    0.66      0.66      0.21    1.07    1.00
                           0.59       1.18        1.57       1.57        1.05     1.12    [1.10,1.14]    0.75      0.75      0.24    1.07    1.00
                           0.60       1.32        1.57       1.57        1.20     1.10    [0.87,1.11]    0.84      0.84      0.26    1.06    1.00
                           0.61       1.48        1.57       1.57        1.57     0.94    [0.88,1.01]    0.94      0.94      0.30    1.06    1.00
                           0.62       1.65        1.57       1.57        1.57     1.05    [0.99,1.10]    1.05      1.05      0.33    1.07    1.00
                           0.63       1.84        1.82       1.82        1.67     1.10    [1.08,1.12]    1.01      1.01      0.37    1.09    1.00
                           0.64       2.04        1.96       1.96        1.82     1.12    [1.11,1.14]    1.05      1.05      0.41    1.12    1.00
                           0.65       2.26        2.10       2.10        2.02     1.12    [1.02,1.15]    1.07      1.07      0.45    1.14    1.00
                           0.66       2.48        2.27       2.27        2.57     0.96    [0.93,1.06]    1.09      1.09      0.50    1.14    1.00
                           0.67       2.76        2.44       2.44        2.77     1.00    [0.95,1.05]    1.13      1.13      0.55    1.15    1.00
                           0.68       3.04        2.62       2.62        2.84     1.07    [1.02,1.13]    1.16      1.16      0.61    1.16    1.00
                           0.69       3.38        2.83       2.83        2.91     1.16    [1.10,1.23]    1.20      1.20      0.68    1.19    1.00
                           0.70       3.75        3.04       3.04        3.02     1.24    [1.18,1.26]    1.23      1.23      0.75    1.23    1.00
                           0.71       4.16        4.12       4.12        4.06     1.02    [1.01,1.26]    1.01      1.01      0.84    1.25    1.00
                           0.72       4.65        4.42       4.44        4.06     1.15    [1.06,1.22]    1.05      1.05      0.94    1.26    1.00
                           0.73       5.16        4.74       4.79        4.06     1.27    [1.10,1.33]    1.08      1.09      1.00    1.28    1.00
                           0.74       5.76        5.09       5.16        5.02     1.15    [1.10,1.33]    1.12      1.13      0.99    1.31    1.00
                           0.75       6.70        5.46       5.56        5.05     1.33    [1.19,1.43]    1.20      1.23      1.02    1.25    1.00
                           0.76       8.05        5.86       6.00        5.83     1.38    [1.32,1.50]    1.34      1.37      1.08    1.24    0.71
                           0.77      12.50       10.97      10.74        7.00     1.79    [1.37,1.95]    1.16      1.14      1.49    1.65    0.96
                           0.78      14.35       12.19      11.97       10.26     1.40    [1.34,2.00]    1.20      1.18      1.44    1.60    1.00
                           0.79      16.02       13.54      13.34       11.36     1.41    [1.32,1.68]    1.20      1.18      1.36    1.51    0.79
                           0.80      23.12       32.57      24.20       12.74     1.81    [1.39,1.89]    0.96      0.71      1.71    1.90    1.00
                           0.81      25.97       34.76      27.15       13.73     1.89    [1.21,2.10]    0.96      0.75      1.68    1.85    0.94
                           0.82      31.82       35.82      32.95       24.03     1.32    [1.19,1.77]    0.97      0.89      1.87    1.96    0.98
                           0.83      47.17       37.53      36.45       25.28     1.87    [1.61,2.53]    1.29      1.26      2.20    2.49    1.15
----------------------------------------------------------------------------------------------------------------------------------------------
          snr1      27.4   0.55       0.79        1.54       1.54        0.72     1.10    [1.05,1.14]    0.51      0.51      0.16    1.06    1.00
                           0.56       0.98        1.54       1.54        0.91     1.08    [1.06,1.12]    0.63      0.63      0.20    1.06    1.00
                           0.57       1.18        1.54       1.54        1.09     1.08    [1.05,1.17]    0.77      0.77      0.24    1.06    1.00
                           0.58       1.47        1.54       1.54        1.31     1.12    [1.05,1.16]    0.96      0.96      0.30    1.09    1.00
                           0.59       1.77        1.78       1.78        1.77     1.00    [0.99,1.13]    0.99      1.00      0.36    1.12    1.00
                           0.60       2.08        2.01       2.01        1.92     1.08    [1.02,1.14]    1.03      1.03      0.42    1.13    1.00
                           0.61       2.43        2.27       2.27        2.09     1.16    [0.85,1.20]    1.07      1.07      0.49    1.15    1.00
                           0.62       2.79        2.56       2.56        3.13     0.89    [0.85,1.21]    1.09      1.09      0.56    1.16    1.00
                           0.63       3.41        2.89       2.89        3.14     1.09    [0.94,1.26]    1.18      1.18      0.69    1.18    1.00
                           0.64       4.36        4.22       4.22        3.44     1.27    [1.00,1.34]    1.03      1.03      0.88    1.17    1.00
                           0.65       5.45        4.75       4.77        4.78     1.14    [1.01,1.30]    1.14      1.15      0.83    1.01    1.00
                           0.66       6.68        5.34       5.38        5.52     1.21    [1.13,1.45]    1.24      1.25      0.81    0.94    0.62
                           0.67      11.05       10.30      10.48        8.28     1.34    [1.20,2.09]    1.05      1.07      1.08    1.21    0.70
                           0.68      18.61       13.06      13.20        8.78     2.12    [1.37,2.24]    1.41      1.43      1.49    1.66    0.90
                           0.69      21.95       32.39      17.70       16.91     1.30    [1.26,2.20]    1.24      0.68      1.46    1.59    0.95
                           0.70      26.64       33.82      27.38       17.24     1.55    [1.35,1.85]    0.97      0.79      1.47    1.56    0.89
                           0.71      40.08       35.72      32.89       19.98     2.01    [1.45,2.30]    1.22      1.12      1.78    1.90    1.05
                           0.72      49.50       38.13      39.57       32.59     1.52    [0.95,2.10]    1.25      1.30      1.87    1.93    1.02
                           0.73      63.34       97.32      76.26       59.81     1.06    [0.96,1.63]    0.83      0.65         -    2.04    1.02
----------------------------------------------------------------------------------------------------------------------------------------------

fidelity ceiling by method
         point         threshold    adaptive_count  fixed_count_mmpp     adaptive_mmpp           learned           optimal               hmm
         snr10            0.9283            0.9214            0.9378            0.9387            0.9368            0.9381            0.9383
          snr5            0.9059            0.9008            0.9182            0.9184            0.9160            0.9176            0.9178
          snr3            0.8725            0.8720            0.8879            0.8901            0.8862            0.8895            0.8896
          snr2            0.8363            0.8349            0.8453            0.8490            0.8407            0.8488            0.8490
          snr1            0.7354            0.7306            0.7390            0.7383            0.7256            0.7379            0.7384

end-to-end speedup including per-shot overhead (F* = 0.85)
         snr10   0 us: 1.29x,  5 us: 1.15x,  20 us: 1.06x,  100 us: 1.02x
          snr5   0 us: 1.42x,  5 us: 1.25x,  20 us: 1.11x,  100 us: 1.03x
          snr3   0 us: 1.15x,  5 us: 1.12x,  20 us: 1.08x,  100 us: 1.03x
          snr2   0 us: n/a,  5 us: n/a,  20 us: n/a,  100 us: n/a
          snr1   0 us: n/a,  5 us: n/a,  20 us: n/a,  100 us: n/a
