
====================================================================================================
594 NM LASER-POWER SWEEP: run-time reduction at matched balanced fidelity
  Powers stay inside the [0.875, 15] uW range over which the Shields et al. (2015) rate fits were measured.
  detector: non-paralyzable dead time 2000 ns, afterpulse p = 0.05 with tau = 5000 ns, filter rates corrected
  rate noise: no rate noise
  physics layer: nv_charge_readout_master_v1_4
====================================================================================================
         point  ph/dwell     F*  t_thr(us) t_count(us)  t_fcm(us)  T_mmpp(us)  sp_mmpp         95% CI  sp_fcm  sp_count  sp_learn  sp_opt
--------------------------------------------------------------------------------------------------------------------------------------
        P0.875     171.5   0.55       2.80        9.08       9.08        2.69     1.04    [1.02,1.06]    0.31      0.31      0.02       -
                           0.56       3.39        9.08       9.08        3.20     1.06    [1.04,1.08]    0.37      0.37      0.02       -
                           0.57       4.00        9.08       9.08        3.80     1.05    [1.04,1.06]    0.44      0.44      0.02       -
                           0.58       4.60        9.08       9.08        4.33     1.06    [1.05,1.08]    0.51      0.51      0.03       -
                           0.59       5.25        9.08       9.08        4.87     1.08    [1.06,1.10]    0.58      0.58      0.03       -
                           0.60       5.89        9.08       9.08        5.48     1.08    [1.06,1.09]    0.65      0.65      0.03       -
                           0.61       6.57        9.08       9.08        6.16     1.07    [1.06,1.08]    0.72      0.72      0.04       -
                           0.62       7.30        9.08       9.08        6.75     1.08    [1.07,1.10]    0.80      0.80      0.04       -
                           0.63       8.00        9.08       9.08        7.36     1.09    [1.07,1.10]    0.88      0.88      0.04       -
                           0.64       8.74        9.08       9.08        8.03     1.09    [1.08,1.10]    0.96      0.96      0.05       -
                           0.65       9.54        9.08       9.08        9.08     1.05    [1.04,1.10]    1.05      1.05      0.05       -
                           0.66      10.37       10.23      10.23        9.42     1.10    [1.09,1.11]    1.01      1.01      0.06       -
                           0.67      11.21       10.76      10.76       10.23     1.10    [1.08,1.11]    1.04      1.04      0.06       -
                           0.68      12.04       11.31      11.31       10.78     1.12    [1.10,1.13]    1.06      1.06      0.07       -
                           0.69      12.85       11.90      11.90       11.40     1.13    [1.12,1.14]    1.08      1.08      0.07       -
                           0.70      13.70       12.51      12.51       12.07     1.14    [1.12,1.15]    1.10      1.10      0.08       -
                           0.71      14.60       13.16      13.16       12.79     1.14    [1.13,1.15]    1.11      1.11      0.08       -
                           0.72      15.56       13.84      13.84       13.54     1.15    [1.14,1.16]    1.12      1.12      0.09       -
                           0.73      16.65       14.56      14.56       14.34     1.16    [1.15,1.17]    1.14      1.14      0.09       -
                           0.74      17.87       15.31      15.31       15.18     1.18    [1.17,1.19]    1.17      1.17      0.10       -
                           0.75      19.11       16.10      16.10       16.00     1.19    [1.18,1.20]    1.19      1.19      0.11       -
                           0.76      20.35       16.94      16.94       17.05     1.19    [1.19,1.21]    1.20      1.20      0.11       -
                           0.77      21.68       17.81      17.81       17.96     1.21    [1.20,1.22]    1.22      1.22      0.12       -
                           0.78      23.05       18.73      18.73       18.88     1.22    [1.21,1.23]    1.23      1.23      0.13       -
                           0.79      24.51       19.70      19.70       19.86     1.23    [1.22,1.24]    1.24      1.24      0.14       -
                           0.80      26.06       20.72      20.72       20.89     1.25    [1.24,1.26]    1.26      1.26      0.15       -
                           0.81      27.69       21.79      21.79       21.95     1.26    [1.25,1.27]    1.27      1.27      0.16       -
                           0.82      29.42       22.92      22.92       23.51     1.25    [1.17,1.29]    1.28      1.28      0.17       -
                           0.83      31.45       31.19      31.19       26.02     1.21    [1.18,1.28]    1.01      1.01      0.18       -
                           0.84      33.65       33.38      33.36       26.04     1.29    [1.25,1.32]    1.01      1.01      0.19       -
                           0.85      36.10       35.71      35.68       27.13     1.33    [1.25,1.35]    1.01      1.01      0.20       -
                           0.86      38.79       38.21      38.16       30.35     1.28    [1.25,1.33]    1.02      1.02      0.22       -
                           0.87      41.84       40.89      40.82       31.31     1.34    [1.30,1.37]    1.02      1.02      0.23       -
                           0.88      45.34       43.75      43.66       32.43     1.40    [1.37,1.41]    1.04      1.04      0.25       -
                           0.89      49.77       46.81      46.70       35.06     1.42    [1.37,1.45]    1.07      1.06      0.28       -
                           0.90      55.44       50.09      49.95       38.67     1.43    [1.42,1.52]    1.11      1.11      0.31       -
                           0.91      65.19       53.60      53.43       42.99     1.52    [1.49,1.69]    1.22      1.22      0.37       -
                           0.92      89.74       63.08     124.05       51.51     1.74    [1.53,1.76]    0.72      1.42      0.50       -
                           0.93      95.04      131.28     130.92       60.94     1.56    [1.53,1.58]    0.73      0.72      0.53       -
                           0.94     100.65      149.45     138.16       61.37     1.64    [1.58,1.67]    0.73      0.67      0.57       -
                           0.95     109.99      161.43     145.81       66.55     1.65    [1.61,1.70]    0.75      0.68      0.62       -
                           0.96     124.35      166.13     153.88       75.70     1.64    [1.06,1.89]    0.81      0.75      0.70       -
                           0.97     169.45      170.96     162.85      114.84     1.48    [1.42,1.54]    1.04      0.99      0.95       -
                           0.98     201.32      175.94     173.08      117.08     1.72    [1.62,1.85]    1.16      1.14      1.11       -
                exact optimum skipped: 8745 DP steps > 5000
--------------------------------------------------------------------------------------------------------------------------------------
        P2.000      74.7   0.55       1.19        4.08       4.08        1.12     1.06    [1.03,1.10]    0.29      0.29      0.03    1.00
                           0.56       1.45        4.08       4.08        1.39     1.04    [1.02,1.07]    0.35      0.35      0.04    1.01
                           0.57       1.76        4.08       4.08        1.65     1.07    [1.05,1.09]    0.43      0.43      0.05    1.04
                           0.58       2.05        4.08       4.08        1.95     1.05    [1.04,1.08]    0.50      0.50      0.06    1.04
                           0.59       2.36        4.08       4.08        2.17     1.09    [1.07,1.11]    0.58      0.58      0.07    1.06
                           0.60       2.66        4.08       4.08        2.42     1.10    [1.08,1.12]    0.65      0.65      0.08    1.06
                           0.61       2.92        4.08       4.08        2.69     1.08    [1.07,1.10]    0.72      0.72      0.08    1.05
                           0.62       3.23        4.08       4.08        3.00     1.08    [0.80,1.09]    0.79      0.79      0.09    1.06
                           0.63       3.56        4.08       4.08        4.08     0.87    [0.84,0.91]    0.87      0.87      0.10    1.07
                           0.64       3.88        4.08       4.08        4.08     0.95    [0.91,0.99]    0.95      0.95      0.11    1.08
                           0.65       4.24        4.08       4.08        4.08     1.04    [1.00,1.09]    1.04      1.04      0.12    1.08
                           0.66       4.62        4.57       4.57        4.18     1.11    [1.04,1.11]    1.01      1.01      0.13    1.09
                           0.67       4.95        4.81       4.81        4.61     1.07    [1.06,1.09]    1.03      1.03      0.14    1.09
                           0.68       5.30        5.07       5.07        4.77     1.11    [1.09,1.12]    1.05      1.05      0.15    1.09
                           0.69       5.67        5.34       5.34        5.05     1.12    [1.12,1.13]    1.06      1.06      0.16    1.09
                           0.70       6.07        5.62       5.62        5.36     1.13    [1.13,1.14]    1.08      1.08      0.17    1.10
                           0.71       6.53        5.92       5.92        5.69     1.15    [1.14,1.16]    1.10      1.10      0.19    1.12
                           0.72       7.02        6.23       6.23        6.03     1.16    [1.15,1.18]    1.13      1.13      0.20    1.14
                           0.73       7.52        6.56       6.56        6.41     1.17    [1.16,1.19]    1.15      1.15      0.22    1.16
                           0.74       8.05        6.91       6.91        6.80     1.18    [1.17,1.20]    1.17      1.17      0.23    1.17
                           0.75       8.58        7.27       7.27        7.22     1.19    [1.18,1.20]    1.18      1.18      0.25    1.18
                           0.76       9.14        7.66       7.66        7.62     1.20    [1.19,1.21]    1.19      1.19      0.26    1.18
                           0.77       9.70        8.06       8.06        8.03     1.21    [1.20,1.22]    1.20      1.20      0.28    1.19
                           0.78      10.29        8.49       8.49        9.58     1.07    [1.06,1.22]    1.21      1.21      0.30    1.20
                           0.79      10.95        8.94       8.94        9.58     1.14    [1.10,1.18]    1.22      1.22      0.31    1.21
                           0.80      11.68        9.41       9.41        9.58     1.22    [1.18,1.24]    1.24      1.24      0.34    1.23
                           0.81      12.45       12.38      12.38        9.95     1.25    [1.23,1.27]    1.01      1.01      0.36    1.26
                           0.82      13.25       12.98      12.98       10.58     1.25    [1.24,1.28]    1.02      1.02      0.38    1.26
                           0.83      14.11       13.61      13.61       10.95     1.29    [1.19,1.30]    1.04      1.04      0.41    1.26
                           0.84      15.12       14.27      14.27       12.50     1.21    [1.20,1.25]    1.06      1.06      0.44    1.28
                           0.85      16.21       14.97      14.97       12.58     1.29    [1.25,1.33]    1.08      1.08      0.47    1.30
                           0.86      17.42       15.69      15.69       13.06     1.33    [1.32,1.37]    1.11      1.11      0.50    1.33
                           0.87      18.73       16.46      16.46       13.79     1.36    [1.32,1.37]    1.14      1.14      0.54    1.36
                           0.88      20.25       17.26      17.26       15.17     1.33    [1.32,1.37]    1.17      1.17      0.58    1.37
                           0.89      22.07       18.10      18.10       15.68     1.41    [1.37,1.44]    1.22      1.22      0.63    1.38
                           0.90      24.50       18.98      18.98       17.00     1.44    [1.42,1.49]    1.29      1.29      0.71    1.43
                           0.91      27.98       19.90      19.90       18.83     1.49    [1.47,1.58]    1.41      1.41      0.81    1.50
                           0.92      39.39       43.92      43.76       21.28     1.85    [1.54,2.01]    0.90      0.90      1.13    1.89
                           0.93      45.31       46.38      46.20       30.28     1.50    [1.46,1.75]    0.98      0.98      1.25    1.97
                           0.94      49.15       48.99      48.76       30.35     1.62    [1.58,1.68]    1.01      1.00      1.30    1.95
                           0.95      55.40       51.74      51.48       32.69     1.69    [1.64,1.76]    1.08      1.07      1.40    1.90
                           0.96      65.01       54.64      54.34       39.33     1.65    [1.12,2.19]    1.20      1.19      1.37    1.93
--------------------------------------------------------------------------------------------------------------------------------------
        P4.000      37.3   0.55       0.63        2.11       2.11        0.59     1.06    [1.03,1.09]    0.30      0.30      0.07    1.01
                           0.56       0.77        2.11       2.11        0.75     1.03    [1.02,1.05]    0.36      0.36      0.09    1.02
                           0.57       0.92        2.11       2.11        0.88     1.04    [1.02,1.07]    0.43      0.43      0.10    1.03
                           0.58       1.09        2.11       2.11        1.03     1.06    [1.04,1.08]    0.52      0.52      0.12    1.07
                           0.59       1.24        2.11       2.11        1.18     1.05    [1.04,1.06]    0.59      0.59      0.14    1.06
                           0.60       1.39        2.11       2.11        1.30     1.07    [1.05,1.09]    0.66      0.66      0.15    1.06
                           0.61       1.55        2.11       2.11        1.43     1.08    [1.06,1.10]    0.73      0.73      0.17    1.06
                           0.62       1.71        2.11       2.11        1.58     1.09    [1.07,1.10]    0.81      0.81      0.19    1.07
                           0.63       1.88        2.11       2.11        1.74     1.08    [0.92,1.10]    0.89      0.89      0.21    1.07
                           0.64       2.04        2.11       2.11        2.11     0.97    [0.93,1.02]    0.97      0.97      0.23    1.08
                           0.65       2.22        2.11       2.11        2.11     1.05    [1.00,1.08]    1.05      1.05      0.25    1.08
                           0.66       2.40        2.38       2.38        2.36     1.02    [1.00,1.09]    1.01      1.01      0.27    1.09
                           0.67       2.60        2.51       2.51        2.42     1.07    [1.05,1.10]    1.03      1.03      0.29    1.09
                           0.68       2.81        2.64       2.64        2.51     1.12    [1.10,1.13]    1.06      1.06      0.31    1.10
                           0.69       3.02        2.78       2.78        2.67     1.13    [1.12,1.14]    1.09      1.09      0.34    1.10
                           0.70       3.24        2.93       2.93        2.84     1.14    [1.13,1.15]    1.10      1.10      0.36    1.11
                           0.71       3.46        3.09       3.09        3.00     1.15    [1.14,1.16]    1.12      1.12      0.38    1.12
                           0.72       3.68        3.25       3.25        3.18     1.16    [1.15,1.17]    1.13      1.13      0.41    1.13
                           0.73       3.92        3.42       3.42        3.35     1.17    [1.16,1.18]    1.14      1.14      0.44    1.14
                           0.74       4.19        3.60       3.60        3.54     1.18    [1.17,1.20]    1.16      1.16      0.47    1.15
                           0.75       4.49        3.80       3.80        3.74     1.20    [1.18,1.21]    1.18      1.18      0.50    1.18
                           0.76       4.77        4.00       4.00        3.95     1.21    [1.20,1.22]    1.19      1.19      0.53    1.18
                           0.77       5.05        4.21       4.21        4.17     1.21    [1.17,1.22]    1.20      1.20      0.56    1.17
                           0.78       5.39        4.43       4.43        4.59     1.17    [1.15,1.22]    1.22      1.22      0.60    1.18
                           0.79       5.78        5.72       5.72        4.74     1.22    [1.20,1.24]    1.01      1.01      0.64    1.20
                           0.80       6.17        5.98       5.98        5.65     1.09    [1.08,1.25]    1.03      1.03      0.69    1.22
                           0.81       6.59        6.25       6.25        5.73     1.15    [1.12,1.18]    1.05      1.05      0.73    1.24
                           0.82       7.02        6.54       6.54        5.82     1.21    [1.17,1.24]    1.07      1.07      0.78    1.26
                           0.83       7.48        6.83       6.83        5.90     1.27    [1.23,1.30]    1.10      1.10      0.83    1.28
                           0.84       8.05        7.14       7.14        6.12     1.31    [1.30,1.32]    1.13      1.13      0.90    1.29
                           0.85       8.68        7.46       7.46        6.51     1.33    [1.32,1.34]    1.16      1.16      0.97    1.30
                           0.86       9.28        7.80       7.80        6.88     1.35    [1.34,1.36]    1.19      1.19      0.99    1.31
                           0.87       9.95        8.16       8.16        7.27     1.37    [1.35,1.39]    1.22      1.22      0.98    1.32
                           0.88      10.94        8.52       8.52        7.79     1.40    [1.32,1.42]    1.28      1.28      1.00    1.38
                           0.89      12.26        8.91       8.91        8.82     1.39    [1.30,1.44]    1.38      1.38      1.04    1.41
                           0.90      14.26       18.16      14.95       10.47     1.36    [1.35,1.54]    0.95      0.78      1.13    1.48
                           0.91      24.57       19.24      18.75       10.48     2.34    [1.56,2.38]    1.31      1.28      1.80    2.32
                           0.92      25.84       20.38      20.05       13.14     1.97    [1.49,2.20]    1.29      1.27      1.76    2.12
                           0.93      27.18       21.59      21.44       17.58     1.55    [1.50,1.58]    1.27      1.26      1.62    1.95
                           0.94      30.33       22.87      22.93       19.43     1.56    [1.51,1.67]    1.32      1.33      1.51    1.84
--------------------------------------------------------------------------------------------------------------------------------------
        P8.000      18.6   0.55       0.34        1.13       1.13        0.32     1.06    [1.03,1.10]    0.30      0.30      0.14    1.01
                           0.56       0.41        1.13       1.13        0.38     1.07    [1.04,1.10]    0.36      0.36      0.17    1.02
                           0.57       0.48        1.13       1.13        0.46     1.05    [1.03,1.07]    0.43      0.43      0.20    1.02
                           0.58       0.57        1.13       1.13        0.53     1.06    [1.04,1.08]    0.50      0.50      0.24    1.04
                           0.59       0.65        1.13       1.13        0.60     1.07    [1.06,1.09]    0.57      0.57      0.27    1.04
                           0.60       0.73        1.13       1.13        0.68     1.07    [1.06,1.09]    0.64      0.64      0.30    1.05
                           0.61       0.81        1.13       1.13        1.13     0.72    [0.71,1.07]    0.72      0.72      0.34    1.06
                           0.62       0.90        1.13       1.13        1.13     0.80    [0.76,0.84]    0.80      0.80      0.38    1.06
                           0.63       1.00        1.13       1.13        1.13     0.88    [0.84,0.92]    0.88      0.88      0.42    1.06
                           0.64       1.10        1.13       1.13        1.13     0.97    [0.93,1.02]    0.97      0.97      0.46    1.07
                           0.65       1.21        1.13       1.13        1.13     1.07    [1.02,1.11]    1.07      1.07      0.51    1.09
                           0.66       1.32        1.29       1.29        1.25     1.05    [1.05,1.11]    1.02      1.02      0.55    1.09
                           0.67       1.42        1.36       1.36        1.32     1.08    [1.06,1.09]    1.04      1.04      0.59    1.09
                           0.68       1.52        1.43       1.43        1.39     1.10    [1.08,1.11]    1.06      1.06      0.64    1.09
                           0.69       1.63        1.50       1.50        1.46     1.11    [1.10,1.13]    1.08      1.08      0.68    1.09
                           0.70       1.73        1.58       1.58        1.53     1.13    [1.12,1.14]    1.09      1.10      0.72    1.09
                           0.71       1.84        1.66       1.66        1.61     1.14    [1.13,1.15]    1.11      1.11      0.77    1.09
                           0.72       1.97        1.74       1.75        1.70     1.16    [1.15,1.17]    1.12      1.13      0.82    1.10
                           0.73       2.09        1.83       1.84        1.79     1.17    [1.16,1.18]    1.14      1.14      0.88    1.11
                           0.74       2.23        1.93       1.93        1.89     1.18    [1.17,1.19]    1.15      1.16      0.93    1.12
                           0.75       2.38        2.03       2.03        2.01     1.19    [1.09,1.19]    1.17      1.17      0.99    1.14
                           0.76       2.54        2.13       2.14        2.26     1.13    [1.09,1.19]    1.19      1.19      1.01    1.17
                           0.77       2.71        2.24       2.25        2.26     1.20    [1.00,1.21]    1.20      1.21      1.02    1.19
                           0.78       2.88        2.83       2.84        2.75     1.05    [1.01,1.09]    1.01      1.02      1.02    1.21
                           0.79       3.07        2.96       2.97        2.77     1.11    [1.07,1.15]    1.03      1.04      1.04    1.20
                           0.80       3.28        3.10       3.10        2.78     1.18    [1.14,1.22]    1.06      1.06      1.05    1.21
                           0.81       3.51        3.24       3.24        2.80     1.25    [1.21,1.28]    1.08      1.08      1.06    1.21
                           0.82       3.77        3.38       3.39        2.93     1.29    [1.27,1.30]    1.11      1.11      1.08    1.23
                           0.83       4.07        3.54       3.54        3.12     1.30    [1.29,1.32]    1.15      1.15      1.10    1.26
                           0.84       4.40        3.69       3.70        3.34     1.32    [1.30,1.33]    1.19      1.19      1.13    1.29
                           0.85       4.78        3.86       3.86        3.58     1.34    [1.32,1.36]    1.24      1.24      1.16    1.33
                           0.86       5.26        4.04       4.04        3.83     1.37    [1.27,1.39]    1.30      1.30      1.17    1.32
                           0.87       5.84        4.22       4.22        4.24     1.38    [1.26,1.41]    1.39      1.39      1.20    1.34
                           0.88       6.71        6.96       6.61        4.85     1.38    [1.30,1.45]    1.01      0.96      1.27    1.42
                           0.89       7.87       15.54       7.41        5.26     1.50    [1.32,2.18]    1.06      0.51      1.32    1.45
                           0.90      15.83         nan      14.23        6.74     2.35    [2.17,2.51]    1.11         -      2.28    2.45
--------------------------------------------------------------------------------------------------------------------------------------
       P15.000       9.9   0.55       0.20        0.67       0.67        0.19     1.06    [1.01,1.09]    0.30      0.30      0.27    1.02
                           0.56       0.25        0.67       0.67        0.23     1.11    [1.08,1.14]    0.38      0.38      0.34    1.03
                           0.57       0.31        0.67       0.67        0.27     1.12    [1.09,1.15]    0.45      0.45      0.41    1.03
                           0.58       0.36        0.67       0.67        0.32     1.10    [1.07,1.13]    0.53      0.53      0.47    1.00
                           0.59       0.40        0.67       0.67        0.38     1.06    [1.05,1.08]    0.60      0.60      0.54    0.98
                           0.60       0.46        0.67       0.67        0.42     1.09    [1.08,1.11]    0.68      0.68      0.61    0.98
                           0.61       0.51        0.67       0.67        0.47     1.09    [1.08,1.11]    0.75      0.75      0.68    0.96
                           0.62       0.56        0.67       0.67        0.51     1.09    [1.07,1.10]    0.83      0.83      0.74    0.95
                           0.63       0.61        0.67       0.67        0.57     1.08    [0.92,1.09]    0.91      0.91      0.81    0.95
                           0.64       0.67        0.67       0.67        0.67     1.00    [0.95,1.04]    1.00      1.00      0.89    0.95
                           0.65       0.74        0.67       0.67        0.67     1.09    [1.00,1.10]    1.09      1.09      0.98    0.96
                           0.66       0.80        0.78       0.78        0.77     1.03    [1.02,1.06]    1.03      1.03      1.01    0.97
                           0.67       0.86        0.82       0.82        0.81     1.07    [1.05,1.09]    1.06      1.06      1.03    0.98
                           0.68       0.93        0.86       0.86        0.85     1.10    [1.08,1.11]    1.08      1.08      1.04    0.99
                           0.69       1.00        0.91       0.91        0.89     1.12    [1.11,1.13]    1.09      1.09      1.05    1.00
                           0.70       1.07        0.96       0.96        0.94     1.14    [1.13,1.16]    1.12      1.12      1.06    1.02
                           0.71       1.15        1.01       1.01        1.00     1.15    [1.14,1.17]    1.13      1.13      1.07    1.03
                           0.72       1.22        1.07       1.07        1.05     1.16    [1.14,1.17]    1.14      1.14      1.07    1.04
                           0.73       1.30        1.13       1.13        1.12     1.16    [1.15,1.18]    1.15      1.15      1.07    1.06
                           0.74       1.40        1.19       1.19        1.18     1.18    [1.16,1.19]    1.17      1.17      1.08    1.08
                           0.75       1.50        1.49       1.49        1.35     1.12    [1.11,1.20]    1.01      1.01      1.09    1.11
                           0.76       1.61        1.56       1.56        1.38     1.17    [1.14,1.20]    1.04      1.04      1.11    1.15
                           0.77       1.73        1.63       1.63        1.49     1.16    [1.15,1.22]    1.06      1.06      1.12    1.18
                           0.78       1.85        1.70       1.70        1.54     1.20    [1.18,1.23]    1.09      1.09      1.14    1.22
                           0.79       1.99        1.77       1.78        1.60     1.24    [1.23,1.25]    1.12      1.12      1.15    1.21
                           0.80       2.13        1.85       1.85        1.71     1.25    [1.24,1.26]    1.15      1.15      1.16    1.21
                           0.81       2.28        1.93       1.94        1.82     1.25    [1.24,1.27]    1.18      1.18      1.18    1.21
                           0.82       2.47        2.02       2.02        1.94     1.27    [1.25,1.30]    1.22      1.22      1.19    1.23
                           0.83       2.71        2.11       2.12        2.07     1.31    [1.28,1.33]    1.28      1.29      1.22    1.28
                           0.84       2.99        2.21       2.98        2.21     1.35    [1.33,1.36]    1.00      1.35      1.26    1.33
                           0.85       3.28        3.21       3.22        2.51     1.31    [1.27,1.38]    1.02      1.02      1.25    1.32
                           0.86       3.74        3.47       3.47        3.01     1.24    [1.19,1.40]    1.08      1.08      1.28    1.34
                           0.87       4.65        3.75       3.74        3.11     1.50    [1.31,1.62]    1.24      1.24      1.40    1.50
--------------------------------------------------------------------------------------------------------------------------------------

fidelity ceiling by method
         point         threshold    adaptive_count  fixed_count_mmpp     adaptive_mmpp           learned
        P0.875            0.9849            0.9835            0.9881            0.9880            0.9871
        P2.000            0.9665            0.9616            0.9710            0.9723            0.9723
        P4.000            0.9469            0.9446            0.9519            0.9536            0.9520
        P8.000            0.9077            0.8974            0.9159            0.9161            0.9185
       P15.000            0.8717            0.8707            0.8836            0.8832            0.8792

end-to-end speedup including per-shot overhead (F* = 0.85)
        P0.875   0 us: 1.33x,  5 us: 1.28x,  20 us: 1.19x,  100 us: 1.07x
        P2.000   0 us: 1.29x,  5 us: 1.21x,  20 us: 1.11x,  100 us: 1.03x
        P4.000   0 us: 1.33x,  5 us: 1.19x,  20 us: 1.08x,  100 us: 1.02x
        P8.000   0 us: 1.34x,  5 us: 1.14x,  20 us: 1.05x,  100 us: 1.01x
       P15.000   0 us: 1.31x,  5 us: 1.10x,  20 us: 1.03x,  100 us: 1.01x
