
====================================================================================================
HEADLINE DEMONSTRATION AT THREE OPERATING POINTS: run-time reduction at matched balanced fidelity
  Three regimes described by their dimensionless sparsity rather than by laser power alone. This is the only experiment that also runs the fixed-time MMPP baseline and the paired McNemar test.
  detector: ideal detector (no dead time, no afterpulsing)
  rate noise: no rate noise
  physics layer: nv_charge_readout_master_v1_4
====================================================================================================
         point  ph/dwell     F*  t_thr(us) t_count(us)  t_fcm(us)  T_mmpp(us)  sp_mmpp         95% CI  sp_fcm  sp_count  sp_learn  sp_opt
--------------------------------------------------------------------------------------------------------------------------------------
     high_flux       9.9   0.55       0.20        0.67       0.67        0.19     1.04    [1.02,1.06]    0.30      0.30      0.25    1.01
                           0.56       0.25        0.67       0.67        0.23     1.07    [1.04,1.10]    0.37      0.37      0.32    1.04
                           0.57       0.29        0.67       0.67        0.28     1.05    [1.04,1.07]    0.44      0.44      0.38    1.04
                           0.58       0.34        0.67       0.67        0.32     1.07    [1.05,1.10]    0.51      0.51      0.44    1.05
                           0.59       0.39        0.67       0.67        0.36     1.08    [1.06,1.10]    0.58      0.58      0.50    1.06
                           0.60       0.44        0.67       0.67        0.41     1.07    [1.05,1.09]    0.65      0.65      0.56    1.05
                           0.61       0.49        0.67       0.67        0.46     1.07    [1.06,1.08]    0.73      0.73      0.63    1.06
                           0.62       0.53        0.67       0.67        0.50     1.07    [1.06,1.09]    0.80      0.80      0.68    1.05
                           0.63       0.60        0.67       0.67        0.55     1.09    [1.07,1.11]    0.89      0.89      0.76    1.07
                           0.64       0.65        0.67       0.67        0.60     1.09    [1.07,1.10]    0.97      0.97      0.83    1.06
                           0.65       0.71        0.67       0.67        0.67     1.06    [1.02,1.10]    1.06      1.06      0.91    1.07
                           0.66       0.77        0.76       0.76        0.70     1.11    [1.07,1.12]    1.02      1.02      0.99    1.08
                           0.67       0.84        0.80       0.80        0.77     1.10    [1.08,1.11]    1.04      1.04      1.02    1.09
                           0.68       0.91        0.85       0.85        0.81     1.12    [1.11,1.13]    1.07      1.07      1.03    1.10
                           0.69       0.98        0.90       0.90        0.86     1.14    [1.13,1.15]    1.09      1.09      1.05    1.12
                           0.70       1.05        0.95       0.95        0.91     1.15    [1.14,1.16]    1.11      1.11      1.06    1.13
                           0.71       1.12        1.00       1.00        0.97     1.15    [1.14,1.17]    1.12      1.12      1.06    1.14
                           0.72       1.21        1.06       1.06        1.03     1.17    [1.15,1.18]    1.14      1.14      1.07    1.15
                           0.73       1.30        1.11       1.11        1.10     1.18    [1.17,1.19]    1.17      1.17      1.08    1.15
                           0.74       1.40        1.18       1.18        1.17     1.19    [1.14,1.20]    1.19      1.19      1.10    1.16
                           0.75       1.49        1.24       1.24        1.24     1.20    [1.04,1.20]    1.20      1.20      1.10    1.17
                           0.76       1.59        1.56       1.56        1.50     1.06    [1.03,1.21]    1.02      1.02      1.10    1.17
                           0.77       1.70        1.63       1.63        1.53     1.11    [1.08,1.15]    1.04      1.04      1.11    1.19
                           0.78       1.83        1.70       1.70        1.55     1.18    [1.14,1.22]    1.08      1.08      1.13    1.21
                           0.79       1.98        1.78       1.78        1.58     1.26    [1.21,1.27]    1.12      1.12      1.15    1.25
                           0.80       2.13        1.86       1.86        1.68     1.27    [1.26,1.28]    1.15      1.15      1.17    1.26
                           0.81       2.30        1.94       1.94        1.84     1.25    [1.22,1.28]    1.18      1.18      1.18    1.26
                           0.82       2.49        2.03       2.03        1.98     1.26    [1.23,1.30]    1.23      1.23      1.20    1.27
                           0.83       2.73        2.12       2.12        2.04     1.34    [1.28,1.35]    1.29      1.29      1.23    1.30
                           0.84       3.02        3.02       3.02        2.52     1.20    [1.13,1.36]    1.00      1.00      1.27    1.35
                           0.85       3.30        3.23       3.22        2.71     1.22    [1.17,1.28]    1.03      1.02      1.27    1.33
                           0.86       3.67        3.46       3.43        2.73     1.35    [1.27,1.43]    1.07      1.06      1.29    1.35
                           0.87       4.30        3.70       3.65        3.15     1.36    [1.30,1.79]    1.18      1.16      1.37    1.45
                           0.88       8.08         nan       6.58        4.00     2.02    [1.34,2.32]    1.23         -      2.29    2.35
--------------------------------------------------------------------------------------------------------------------------------------
      moderate      27.4   0.55       0.48        1.59       1.59        0.46     1.05    [1.03,1.07]    0.30      0.30      0.25    1.04
                           0.56       0.58        1.59       1.59        0.55     1.05    [1.03,1.08]    0.36      0.36      0.30    1.03
                           0.57       0.68        1.59       1.59        0.66     1.04    [1.03,1.06]    0.43      0.43      0.35    1.03
                           0.58       0.79        1.59       1.59        0.74     1.07    [1.05,1.09]    0.50      0.50      0.40    1.04
                           0.59       0.89        1.59       1.59        0.84     1.07    [1.05,1.09]    0.56      0.56      0.46    1.04
                           0.60       1.01        1.59       1.59        0.94     1.07    [1.05,1.08]    0.64      0.64      0.52    1.05
                           0.61       1.14        1.59       1.59        1.06     1.07    [1.06,1.08]    0.71      0.71      0.58    1.06
                           0.62       1.26        1.59       1.59        1.16     1.09    [1.07,1.11]    0.79      0.79      0.64    1.07
                           0.63       1.38        1.59       1.59        1.26     1.10    [1.08,1.11]    0.87      0.87      0.71    1.08
                           0.64       1.50        1.59       1.59        1.37     1.10    [1.09,1.11]    0.95      0.95      0.77    1.08
                           0.65       1.64        1.59       1.59        1.59     1.03    [1.01,1.10]    1.03      1.03      0.84    1.08
                           0.66       1.80        1.78       1.78        1.65     1.09    [1.04,1.11]    1.01      1.01      0.92    1.09
                           0.67       1.95        1.88       1.88        1.80     1.08    [1.06,1.11]    1.04      1.04      1.00    1.10
                           0.68       2.10        1.98       1.98        1.86     1.13    [1.11,1.14]    1.06      1.06      1.02    1.10
                           0.69       2.27        2.09       2.09        1.98     1.14    [1.13,1.16]    1.09      1.09      1.04    1.12
                           0.70       2.46        2.20       2.20        2.11     1.17    [1.15,1.18]    1.12      1.12      1.06    1.14
                           0.71       2.62        2.32       2.32        2.24     1.17    [1.15,1.18]    1.13      1.13      1.06    1.15
                           0.72       2.79        2.45       2.45        2.39     1.17    [1.16,1.18]    1.14      1.14      1.07    1.16
                           0.73       2.98        2.58       2.58        2.54     1.17    [1.17,1.18]    1.15      1.15      1.08    1.16
                           0.74       3.19        2.72       2.72        2.70     1.18    [1.18,1.19]    1.17      1.17      1.09    1.17
                           0.75       3.42        2.87       2.87        2.86     1.20    [1.01,1.20]    1.19      1.19      1.10    1.18
                           0.76       3.64        3.62       3.62        3.56     1.02    [1.00,1.20]    1.01      1.01      1.11    1.19
                           0.77       3.87        3.76       3.76        3.56     1.09    [1.06,1.12]    1.03      1.03      1.11    1.20
                           0.78       4.10        3.91       3.91        3.56     1.15    [1.12,1.19]    1.05      1.05      1.11    1.21
                           0.79       4.35        4.06       4.06        3.56     1.22    [1.18,1.25]    1.07      1.07      1.12    1.22
                           0.80       4.62        4.22       4.22        3.68     1.26    [1.25,1.27]    1.09      1.10      1.12    1.24
                           0.81       4.96        4.38       4.39        3.89     1.27    [1.24,1.28]    1.13      1.13      1.14    1.26
                           0.82       5.35        4.55       4.56        4.41     1.21    [1.19,1.26]    1.17      1.17      1.16    1.27
                           0.83       5.84        4.73       4.74        4.49     1.30    [1.24,1.32]    1.23      1.23      1.20    1.30
                           0.84       6.27        4.92       4.93        4.80     1.31    [1.28,1.34]    1.27      1.28      1.21    1.31
                           0.85       6.76        5.11       5.13        5.05     1.34    [1.29,1.35]    1.32      1.32      1.23    1.33
                           0.86       7.33        7.30       7.35        5.69     1.29    [1.27,1.37]    1.00      1.00      1.25    1.36
                           0.87       8.16        7.72       7.78        6.04     1.35    [1.32,1.41]    1.05      1.06      1.30    1.38
                           0.88       8.99        8.16       8.25        6.55     1.37    [1.30,1.43]    1.09      1.10      1.33    1.39
                           0.89      10.16        8.62       8.74        7.18     1.42    [1.37,1.56]    1.16      1.18      1.40    1.46
                           0.90      15.43       15.52      15.45        8.12     1.90    [1.51,1.95]    1.00      0.99      1.92    2.02
                           0.91      16.81       16.48      16.52       10.74     1.56    [1.45,1.90]    1.02      1.02      1.87    1.95
                           0.92      18.29       17.49      17.68       12.00     1.52    [1.48,1.59]    1.03      1.05      1.81    1.91
                           0.93      20.73       18.57      18.91       12.87     1.61    [1.54,1.74]    1.10      1.12      1.77    1.83
--------------------------------------------------------------------------------------------------------------------------------------
        sparse       2.7   0.55       4.94       15.98      15.98        4.74     1.04    [1.03,1.06]    0.31      0.31      0.79    1.04
                           0.56       5.98       15.98      15.98        5.65     1.06    [1.03,1.08]    0.37      0.37      0.96    1.02
                           0.57       7.02       15.98      15.98        6.74     1.04    [1.03,1.06]    0.44      0.44      1.02    1.01
                           0.58       8.29       15.98      15.98        7.73     1.07    [1.05,1.10]    0.52      0.52      1.06    1.02
                           0.59       9.73       15.98      15.98        8.85     1.10    [1.07,1.12]    0.61      0.61      1.09    1.05
                           0.60      10.95       15.98      15.98       10.13     1.08    [1.06,1.10]    0.68      0.68      1.08    1.03
                           0.61      12.14       15.98      15.98       11.44     1.06    [1.05,1.07]    0.76      0.76      1.05    1.02
                           0.62      13.47       15.98      15.98       12.60     1.07    [1.05,1.09]    0.84      0.84      1.05    1.02
                           0.63      15.14       15.98      15.98       13.89     1.09    [1.07,1.11]    0.95      0.95      1.07    1.04
                           0.64      16.75       15.98      15.98       15.30     1.09    [1.01,1.11]    1.05      1.05      1.07    1.06
                           0.65      18.43       18.13      18.13       17.74     1.04    [1.01,1.09]    1.02      1.02      1.07    1.08
                           0.66      20.22       19.35      19.35       18.26     1.11    [1.07,1.12]    1.04      1.04      1.08    1.10
                           0.67      21.99       20.66      20.66       19.65     1.12    [1.11,1.13]    1.06      1.06      1.09    1.11
                           0.68      23.91       22.06      22.06       26.12     0.92    [0.89,1.13]    1.08      1.08      1.09    1.10
                           0.69      26.20       23.55      23.55       26.12     1.00    [0.96,1.06]    1.11      1.11      1.11    1.11
                           0.70      28.74       25.14      25.14       26.12     1.10    [1.02,1.15]    1.14      1.14      1.12    1.13
                           0.71      31.46       30.99      30.99       30.30     1.04    [1.00,1.16]    1.02      1.02      1.14    1.15
                           0.72      34.37       32.78      32.78       30.36     1.13    [1.08,1.18]    1.05      1.05      1.15    1.16
                           0.73      37.55       34.69      34.69       31.50     1.19    [1.17,1.20]    1.08      1.08      1.16    1.16
                           0.74      41.70       36.70      36.70       34.44     1.21    [1.07,1.22]    1.14      1.14      1.18    1.20
                           0.75      46.28       38.83      38.83       41.78     1.11    [1.07,1.23]    1.19      1.19      1.20    1.23
                           0.76      50.84       41.08      41.08       41.78     1.22    [1.08,1.25]    1.24      1.24      1.20    1.22
                           0.77      57.55       55.05      55.07       48.82     1.18    [1.11,1.26]    1.04      1.05      1.23    1.25
                           0.78      64.98       59.33      59.38       53.61     1.21    [1.20,1.29]    1.09      1.10      1.26    1.26
                           0.79      79.48       63.94      64.03       63.62     1.25    [0.92,1.35]    1.24      1.24      1.28    1.30
--------------------------------------------------------------------------------------------------------------------------------------

fidelity ceiling by method
         point         threshold        fixed_mmpp    adaptive_count  fixed_count_mmpp     adaptive_mmpp           learned           optimal
     high_flux            0.8853            0.8963            0.8797            0.8956            0.8965            0.8963            0.8965
      moderate            0.9393            0.9450            0.9387            0.9450            0.9463            0.9458            0.9465
        sparse            0.7947            0.7997            0.7932            0.7998            0.7997            0.8001            0.7996

end-to-end speedup including per-shot overhead (F* = 0.85)
     high_flux   0 us: 1.22x,  5 us: 1.08x,  20 us: 1.03x,  100 us: 1.01x
      moderate   0 us: 1.34x,  5 us: 1.17x,  20 us: 1.07x,  100 us: 1.02x
        sparse   0 us: n/a,  5 us: n/a,  20 us: n/a,  100 us: n/a
