
====================================================================================================
HEADLINE DEMONSTRATION AT THREE OPERATING POINTS: run-time reduction at matched balanced fidelity
  Three regimes described by their dimensionless sparsity rather than by laser power alone. This is the only experiment that also runs the fixed-time MMPP baseline and the paired McNemar test.
  detector: non-paralyzable dead time 2000 ns, afterpulse p = 0.05 with tau = 5000 ns, filter rates corrected
  rate noise: no rate noise
  physics layer: nv_charge_readout_master_v1_4
====================================================================================================
         point  ph/dwell     F*  t_thr(us) t_count(us)  t_fcm(us)  T_mmpp(us)  sp_mmpp         95% CI  sp_fcm  sp_count  sp_learn  sp_opt
--------------------------------------------------------------------------------------------------------------------------------------
     high_flux       9.9   0.55       0.21        0.67       0.67        0.20     1.07    [1.04,1.10]    0.32      0.32      0.27    1.03
                           0.56       0.25        0.67       0.67        0.23     1.09    [1.06,1.12]    0.38      0.38      0.33    1.03
                           0.57       0.30        0.67       0.67        0.27     1.09    [1.06,1.12]    0.44      0.44      0.38    1.02
                           0.58       0.35        0.67       0.67        0.32     1.08    [1.05,1.10]    0.51      0.51      0.44    0.99
                           0.59       0.40        0.67       0.67        0.38     1.06    [1.05,1.08]    0.59      0.59      0.51    0.98
                           0.60       0.45        0.67       0.67        0.42     1.07    [1.06,1.09]    0.67      0.67      0.57    0.96
                           0.61       0.50        0.67       0.67        0.46     1.09    [1.07,1.11]    0.75      0.75      0.64    0.96
                           0.62       0.56        0.67       0.67        0.51     1.10    [1.09,1.11]    0.83      0.83      0.72    0.96
                           0.63       0.62        0.67       0.67        0.56     1.09    [0.93,1.10]    0.91      0.91      0.79    0.96
                           0.64       0.68        0.67       0.67        0.67     1.01    [0.96,1.06]    1.01      1.01      0.87    0.97
                           0.65       0.74        0.67       0.67        0.67     1.10    [1.00,1.10]    1.10      1.10      0.95    0.98
                           0.66       0.80        0.78       0.78        0.78     1.03    [1.01,1.05]    1.02      1.02      1.01    0.98
                           0.67       0.87        0.82       0.82        0.81     1.06    [1.04,1.09]    1.05      1.05      1.02    0.99
                           0.68       0.94        0.87       0.87        0.85     1.10    [1.08,1.12]    1.08      1.08      1.04    1.01
                           0.69       1.01        0.92       0.92        0.90     1.13    [1.12,1.14]    1.11      1.11      1.06    1.02
                           0.70       1.09        0.97       0.97        0.95     1.15    [1.14,1.16]    1.12      1.12      1.07    1.04
                           0.71       1.16        1.02       1.02        1.00     1.16    [1.14,1.17]    1.14      1.14      1.08    1.05
                           0.72       1.23        1.08       1.08        1.06     1.16    [1.15,1.17]    1.14      1.14      1.07    1.06
                           0.73       1.32        1.14       1.14        1.13     1.17    [1.15,1.18]    1.16      1.16      1.08    1.07
                           0.74       1.41        1.20       1.20        1.19     1.18    [1.17,1.20]    1.18      1.18      1.09    1.10
                           0.75       1.51        1.50       1.50        1.35     1.12    [1.11,1.20]    1.00      1.00      1.09    1.12
                           0.76       1.61        1.57       1.57        1.38     1.17    [1.14,1.20]    1.03      1.03      1.10    1.15
                           0.77       1.73        1.64       1.64        1.50     1.16    [1.15,1.22]    1.06      1.06      1.12    1.19
                           0.78       1.85        1.71       1.71        1.54     1.20    [1.18,1.23]    1.08      1.08      1.13    1.22
                           0.79       1.98        1.78       1.78        1.59     1.25    [1.23,1.26]    1.11      1.11      1.14    1.21
                           0.80       2.11        1.86       1.86        1.69     1.25    [1.24,1.27]    1.14      1.14      1.15    1.20
                           0.81       2.28        1.94       1.94        1.80     1.26    [1.24,1.28]    1.17      1.17      1.18    1.21
                           0.82       2.48        2.03       2.03        1.92     1.29    [1.26,1.31]    1.22      1.22      1.20    1.24
                           0.83       2.71        2.11       2.11        2.05     1.32    [1.29,1.34]    1.28      1.28      1.22    1.28
                           0.84       2.96        2.21       2.21        2.22     1.33    [1.32,1.36]    1.34      1.34      1.25    1.32
                           0.85       3.29        3.21       3.20        2.41     1.37    [1.34,1.40]    1.03      1.03      1.28    1.33
                           0.86       3.70        3.46       3.46        3.03     1.22    [1.18,1.42]    1.07      1.07      1.31    1.33
                           0.87       4.49        3.74       3.74        3.10     1.45    [1.29,1.52]    1.20      1.20      1.31    1.46
--------------------------------------------------------------------------------------------------------------------------------------
      moderate      27.4   0.55       0.51        1.60       1.60        0.48     1.06    [1.03,1.09]    0.32      0.32      0.26    1.03
                           0.56       0.62        1.60       1.60        0.61     1.02    [1.01,1.05]    0.39      0.39      0.32    1.04
                           0.57       0.73        1.60       1.60        0.69     1.06    [1.04,1.08]    0.46      0.46      0.38    1.04
                           0.58       0.84        1.60       1.60        0.79     1.07    [1.05,1.08]    0.53      0.53      0.43    1.04
                           0.59       0.95        1.60       1.60        0.89     1.06    [1.05,1.07]    0.59      0.59      0.48    1.04
                           0.60       1.06        1.60       1.60        0.99     1.07    [1.05,1.09]    0.66      0.66      0.54    1.04
                           0.61       1.18        1.60       1.60        1.09     1.09    [1.07,1.10]    0.74      0.74      0.61    1.06
                           0.62       1.30        1.60       1.60        1.20     1.09    [1.07,1.10]    0.81      0.81      0.66    1.06
                           0.63       1.42        1.60       1.60        1.31     1.08    [1.07,1.10]    0.89      0.89      0.73    1.07
                           0.64       1.57        1.60       1.60        1.44     1.09    [1.01,1.10]    0.98      0.98      0.80    1.08
                           0.65       1.70        1.60       1.60        1.60     1.06    [1.00,1.09]    1.06      1.06      0.87    1.09
                           0.66       1.84        1.81       1.81        1.79     1.02    [1.00,1.05]    1.02      1.02      0.94    1.09
                           0.67       1.98        1.90       1.90        1.86     1.06    [1.04,1.08]    1.04      1.04      1.00    1.10
                           0.68       2.12        2.00       2.00        1.94     1.09    [1.08,1.11]    1.06      1.06      1.01    1.09
                           0.69       2.26        2.11       2.11        2.01     1.12    [1.11,1.13]    1.07      1.07      1.02    1.09
                           0.70       2.40        2.22       2.22        2.12     1.13    [1.12,1.14]    1.09      1.09      1.03    1.09
                           0.71       2.57        2.33       2.33        2.25     1.14    [1.13,1.15]    1.10      1.10      1.04    1.09
                           0.72       2.75        2.45       2.45        2.39     1.15    [1.14,1.16]    1.12      1.12      1.05    1.11
                           0.73       2.94        2.58       2.58        2.53     1.16    [1.00,1.16]    1.14      1.14      1.06    1.12
                           0.74       3.14        2.71       2.71        2.98     1.05    [1.02,1.10]    1.16      1.16      1.07    1.14
                           0.75       3.36        2.85       2.85        2.98     1.13    [1.09,1.17]    1.18      1.18      1.08    1.16
                           0.76       3.58        3.58       3.58        3.37     1.06    [1.06,1.19]    1.00      1.00      1.09    1.18
                           0.77       3.82        3.71       3.71        3.41     1.12    [1.09,1.15]    1.03      1.03      1.10    1.20
                           0.78       4.06        3.85       3.85        3.46     1.17    [1.14,1.20]    1.06      1.06      1.11    1.20
                           0.79       4.32        3.99       3.99        3.51     1.23    [1.20,1.24]    1.08      1.08      1.12    1.21
                           0.80       4.61        4.14       4.14        3.71     1.24    [1.23,1.25]    1.11      1.11      1.14    1.22
                           0.81       4.89        4.29       4.29        3.89     1.26    [1.25,1.27]    1.14      1.14      1.15    1.23
                           0.82       5.19        4.45       4.45        4.09     1.27    [1.26,1.29]    1.17      1.17      1.16    1.24
                           0.83       5.58        4.62       4.62        4.31     1.29    [1.28,1.31]    1.21      1.21      1.18    1.27
                           0.84       5.97        4.79       4.79        4.54     1.31    [1.30,1.33]    1.25      1.25      1.20    1.30
                           0.85       6.35        4.97       4.97        4.78     1.33    [1.32,1.34]    1.28      1.28      1.21    1.31
                           0.86       6.81        5.15       5.15        5.06     1.35    [1.34,1.36]    1.32      1.32      1.23    1.31
                           0.87       7.37        7.32       7.32        5.91     1.25    [1.23,1.37]    1.01      1.01      1.26    1.32
                           0.88       8.08        7.76       7.75        6.01     1.34    [1.29,1.40]    1.04      1.04      1.29    1.35
                           0.89       8.98        8.22       8.20        6.26     1.43    [1.31,1.46]    1.09      1.09      1.32    1.41
                           0.90      10.28        8.70       8.68        7.71     1.33    [1.30,1.49]    1.18      1.18      1.37    1.43
                           0.91      18.11       15.88      15.78        8.52     2.12    [1.48,2.26]    1.15      1.14      2.14    2.20
                           0.92      20.60       17.79      17.57        9.49     2.17    [2.00,2.37]    1.17      1.16      2.08    2.16
                           0.93      24.44       19.93      19.58       16.04     1.52    [1.42,1.72]    1.25      1.23      2.10    2.14
--------------------------------------------------------------------------------------------------------------------------------------
        sparse       2.7   0.55       4.90       15.97      15.97        4.68     1.05    [1.02,1.06]    0.31      0.31      0.78    1.04
                           0.56       5.82       15.97      15.97        5.60     1.04    [1.02,1.06]    0.36      0.36      0.93    1.01
                           0.57       6.98       15.97      15.97        6.69     1.04    [1.03,1.06]    0.44      0.44      1.04    1.02
                           0.58       8.21       15.97      15.97        7.70     1.07    [1.05,1.09]    0.51      0.51      1.08    1.04
                           0.59       9.45       15.97      15.97        8.80     1.07    [1.05,1.09]    0.59      0.59      1.11    1.04
                           0.60      10.77       15.97      15.97       10.05     1.07    [1.05,1.09]    0.67      0.67      1.13    1.03
                           0.61      12.08       15.97      15.97       11.41     1.06    [1.05,1.07]    0.76      0.76      1.12    1.03
                           0.62      13.49       15.97      15.97       12.57     1.07    [1.05,1.09]    0.84      0.84      1.12    1.03
                           0.63      15.11       15.97      15.97       13.86     1.09    [1.07,1.11]    0.95      0.95      1.11    1.05
                           0.64      16.71       15.97      15.97       15.27     1.09    [1.00,1.11]    1.05      1.05      1.10    1.06
                           0.65      18.32       18.12      18.12       17.79     1.03    [1.00,1.07]    1.01      1.01      1.07    1.08
                           0.66      20.06       19.24      19.25       18.26     1.10    [1.06,1.12]    1.04      1.04      1.08    1.09
                           0.67      21.93       20.43      20.44       19.61     1.12    [1.11,1.13]    1.07      1.07      1.09    1.10
                           0.68      23.88       21.69      21.71       26.09     0.92    [0.90,1.13]    1.10      1.10      1.10    1.10
                           0.69      25.77       23.04      23.06       26.09     0.99    [0.95,1.03]    1.12      1.12      1.10    1.10
                           0.70      27.94       24.46      24.50       26.09     1.07    [1.03,1.12]    1.14      1.14      1.12    1.11
                           0.71      30.18       25.98      26.02       26.09     1.16    [1.00,1.16]    1.16      1.16      1.12    1.12
                           0.72      33.32       31.94      31.98       30.50     1.09    [1.04,1.14]    1.04      1.04      1.15    1.16
                           0.73      36.32       33.84      33.87       30.75     1.18    [1.13,1.19]    1.07      1.07      1.15    1.16
                           0.74      40.02       35.85      35.88       33.28     1.20    [1.19,1.22]    1.12      1.12      1.17    1.18
                           0.75      44.39       37.98      38.00       36.23     1.23    [1.08,1.24]    1.17      1.17      1.19    1.21
                           0.76      48.94       40.24      40.24       41.68     1.17    [1.08,1.24]    1.22      1.22      1.20    1.22
                           0.77      55.25       53.81      53.87       49.84     1.11    [1.06,1.25]    1.03      1.03      1.23    1.23
                           0.78      63.35       58.07      58.32       49.90     1.27    [1.18,1.30]    1.09      1.09      1.26    1.25
                           0.79      77.47       62.67      63.12       59.50     1.30    [1.22,1.36]    1.23      1.24      1.30    1.33
--------------------------------------------------------------------------------------------------------------------------------------

fidelity ceiling by method
         point         threshold        fixed_mmpp    adaptive_count  fixed_count_mmpp     adaptive_mmpp           learned           optimal
     high_flux            0.8735            0.8824            0.8721            0.8812            0.8824            0.8769            0.8797
      moderate            0.9333            0.9394            0.9326            0.9389            0.9398            0.9398            0.9404
        sparse            0.7946            0.7976            0.7953            0.7980            0.7978            0.7985            0.7987

end-to-end speedup including per-shot overhead (F* = 0.85)
     high_flux   0 us: 1.37x,  5 us: 1.12x,  20 us: 1.04x,  100 us: 1.01x
      moderate   0 us: 1.33x,  5 us: 1.16x,  20 us: 1.06x,  100 us: 1.01x
        sparse   0 us: n/a,  5 us: n/a,  20 us: n/a,  100 us: n/a
