
====================================================================================================
EMISSION-CONTRAST SWEEP AT FIXED BRIGHT RATE: run-time reduction at matched balanced fidelity
  lambda_- is held fixed and lambda_0 is raised, so photons per bright dwell stay constant while the two states become harder to tell apart.
  detector: non-paralyzable dead time 50 ns, afterpulse p = 0.01 with tau = 100 ns, filter rates corrected
  rate noise: no rate noise
  physics layer: nv_charge_readout_master_v1_4
====================================================================================================
         point  ph/dwell     F*  t_thr(us) t_count(us)  t_fcm(us)  T_mmpp(us)  sp_mmpp         95% CI  sp_fcm  sp_count  sp_learn  sp_opt
--------------------------------------------------------------------------------------------------------------------------------------
   contrast0.5      27.4   0.55       0.69        1.53       1.53        0.66     1.05    [1.03,1.07]    0.45      0.45      0.14    1.08
                           0.56       0.82        1.53       1.53        0.76     1.07    [1.04,1.10]    0.53      0.53      0.16    1.06
                           0.57       0.95        1.53       1.53        0.89     1.07    [1.05,1.09]    0.62      0.62      0.19    1.06
                           0.58       1.11        1.53       1.53        1.01     1.09    [1.07,1.12]    0.72      0.72      0.22    1.07
                           0.59       1.27        1.53       1.53        1.14     1.11    [1.08,1.14]    0.82      0.82      0.25    1.09
                           0.60       1.44        1.53       1.53        1.29     1.12    [1.09,1.14]    0.94      0.94      0.29    1.11
                           0.61       1.67        1.53       1.53        1.53     1.09    [1.00,1.15]    1.09      1.09      0.33    1.11
                           0.62       1.95        1.86       1.86        1.84     1.06    [1.01,1.14]    1.05      1.05      0.39    1.15
                           0.63       2.26        2.03       2.04        1.98     1.14    [1.08,1.19]    1.11      1.11      0.45    1.18
                           0.64       2.56        2.23       2.24        2.14     1.20    [0.88,1.22]    1.15      1.15      0.51    1.18
                           0.65       2.92        2.44       2.45        3.07     0.95    [0.88,1.21]    1.19      1.19      0.59    1.20
                           0.66       3.33        2.68       2.68        3.07     1.09    [0.99,1.20]    1.24      1.24      0.67    1.25
                           0.67       3.81        2.93       2.94        3.07     1.24    [1.12,1.33]    1.29      1.30      0.76    1.26
                           0.68       4.60        4.87       4.41        3.36     1.37    [1.27,1.41]    1.04      0.95      0.93    1.36
                           0.69       5.34        7.57       5.09        3.89     1.37    [1.28,1.58]    1.05      0.71      1.04    1.43
                           0.70       8.54        7.62       7.59        4.48     1.91    [1.32,1.93]    1.13      1.12      1.51    2.08
                           0.71       8.83        7.67       7.68        4.76     1.86    [1.38,1.92]    1.15      1.15      1.41    1.84
                           0.72       9.13        7.72       7.76        6.75     1.35    [1.33,1.49]    1.18      1.18      1.32    1.66
                           0.73       9.43        7.77      10.15        6.88     1.37    [1.16,1.39]    0.93      1.21      1.24    1.52
                           0.74      10.11       13.31      11.15        8.26     1.22    [1.15,1.31]    0.91      0.76      1.23    1.47
                           0.75      11.26       13.82      12.25        8.77     1.28    [1.20,1.38]    0.92      0.81      1.26    1.49
                           0.76      14.18       14.35      13.29        8.80     1.61    [1.33,1.65]    1.07      0.99      1.47    1.71
                           0.77      15.43       14.91      14.14        9.63     1.60    [1.53,1.69]    1.09      1.04      1.47    1.72
                           0.78      16.67       15.48      15.03       13.86     1.20    [1.14,1.69]    1.11      1.08      1.47    1.63
                           0.79      18.08       16.08      15.98       14.84     1.22    [1.17,1.28]    1.13      1.12      1.47    1.55
                           0.80      21.03       35.96      26.78       17.19     1.22    [1.08,1.42]    0.79      0.58      1.56    1.61
                           0.81      24.34       36.92      28.34       20.66     1.18    [1.13,1.24]    0.86      0.66      1.63    1.68
                           0.82      30.11       37.91      29.98       20.72     1.45    [1.21,1.52]    1.00      0.79      1.80    1.90
                           0.83      34.45       39.02      33.11       20.78     1.66    [1.47,1.81]    1.04      0.88      1.82    1.90
                           0.84      41.44       40.30      37.09       23.38     1.77    [1.30,1.90]    1.12      1.03      1.93    2.01
                           0.85      59.95         nan      42.48       33.04     1.81    [1.39,2.03]    1.41         -      2.48    2.60
--------------------------------------------------------------------------------------------------------------------------------------
   contrast0.7      27.4   0.55       0.61        1.57       1.57        0.58     1.06    [1.04,1.09]    0.39      0.39      0.12    1.03
                           0.56       0.74        1.57       1.57        0.69     1.07    [1.05,1.09]    0.47      0.47      0.15    1.05
                           0.57       0.86        1.57       1.57        0.81     1.06    [1.05,1.08]    0.55      0.55      0.17    1.04
                           0.58       1.00        1.57       1.57        0.92     1.08    [1.05,1.11]    0.64      0.64      0.20    1.05
                           0.59       1.14        1.57       1.57        1.04     1.10    [1.07,1.11]    0.73      0.73      0.23    1.07
                           0.60       1.29        1.57       1.57        1.18     1.09    [0.84,1.10]    0.82      0.82      0.26    1.07
                           0.61       1.45        1.57       1.57        1.57     0.93    [0.87,1.00]    0.93      0.93      0.29    1.08
                           0.62       1.62        1.57       1.57        1.57     1.03    [0.98,1.09]    1.03      1.03      0.33    1.09
                           0.63       1.78        1.78       1.78        1.64     1.09    [1.07,1.12]    1.00      1.00      0.36    1.09
                           0.64       1.94        1.89       1.89        1.79     1.09    [1.07,1.13]    1.03      1.03      0.39    1.10
                           0.65       2.13        2.02       2.02        1.88     1.14    [1.05,1.14]    1.06      1.06      0.43    1.12
                           0.66       2.35        2.15       2.15        2.33     1.01    [0.96,1.10]    1.09      1.09      0.47    1.15
                           0.67       2.59        2.30       2.30        2.61     0.99    [0.96,1.04]    1.13      1.13      0.52    1.16
                           0.68       2.84        2.45       2.45        2.68     1.06    [1.01,1.10]    1.16      1.16      0.57    1.17
                           0.69       3.11        2.61       2.61        2.75     1.13    [1.08,1.17]    1.19      1.19      0.62    1.19
                           0.70       3.39        2.79       2.79        2.82     1.20    [1.15,1.24]    1.22      1.22      0.68    1.21
                           0.71       3.69        2.97       2.97        2.96     1.25    [1.19,1.26]    1.24      1.24      0.74    1.23
                           0.72       4.02        3.17       3.17        3.20     1.25    [1.05,1.27]    1.27      1.27      0.81    1.26
                           0.73       4.40        4.32       4.32        3.89     1.13    [1.06,1.22]    1.02      1.02      0.89    1.27
                           0.74       4.84        4.63       4.63        3.89     1.24    [1.16,1.33]    1.04      1.04      0.97    1.28
                           0.75       5.34        4.97       4.97        4.34     1.23    [1.20,1.36]    1.07      1.07      1.02    1.31
                           0.76       5.97        5.32       5.32        4.72     1.27    [1.20,1.40]    1.12      1.12      1.05    1.37
                           0.77       7.14        5.71       5.70        4.80     1.49    [1.31,1.92]    1.25      1.25      1.15    1.47
                           0.78       9.83       13.25      13.24        5.53     1.78    [1.56,1.88]    0.74      0.74      1.46    1.81
                           0.79      10.31       13.44      13.42        5.77     1.79    [1.57,1.82]    0.77      0.77      1.41    1.71
                           0.80      10.82       13.64      13.60        8.56     1.26    [1.24,1.80]    0.80      0.79      1.37    1.64
                           0.81      11.45       13.83      13.78        9.52     1.20    [1.18,1.34]    0.83      0.83      1.34    1.59
                           0.82      12.12       14.03      13.97        9.96     1.22    [1.19,1.28]    0.87      0.86      1.32    1.56
                           0.83      13.08       14.24      14.16        9.99     1.31    [1.26,1.37]    0.92      0.92      1.33    1.57
                           0.84      14.36       14.45      14.35       10.23     1.40    [1.30,1.47]    1.00      0.99      1.36    1.53
                           0.85      17.30       15.27      14.84       10.86     1.59    [1.42,1.88]    1.17      1.13      1.53    1.66
                           0.86      21.10       16.23      16.18       12.71     1.66    [1.61,1.73]    1.30      1.30      1.75    1.84
                           0.87      22.22       17.25      29.72       13.63     1.63    [0.92,1.67]    0.75      1.29      1.68    1.78
                           0.88      27.71       35.71      29.92       24.45     1.13    [0.96,1.30]    0.93      0.78      1.88    2.05
                           0.89      31.93       37.06      32.14       24.54     1.30    [1.25,1.41]    0.99      0.86      1.96    2.06
--------------------------------------------------------------------------------------------------------------------------------------
  contrast0.85      27.4   0.55       0.50        1.59       1.59        0.49     1.03    [1.01,1.06]    0.32      0.32      0.10    1.01
                           0.56       0.63        1.59       1.59        0.60     1.05    [1.02,1.07]    0.40      0.40      0.13    1.04
                           0.57       0.76        1.59       1.59        0.72     1.05    [1.04,1.07]    0.48      0.48      0.15    1.05
                           0.58       0.88        1.59       1.59        0.82     1.08    [1.06,1.11]    0.56      0.56      0.18    1.06
                           0.59       1.01        1.59       1.59        0.93     1.09    [1.07,1.11]    0.64      0.64      0.20    1.06
                           0.60       1.13        1.59       1.59        1.05     1.08    [1.07,1.09]    0.71      0.71      0.23    1.06
                           0.61       1.25        1.59       1.59        1.16     1.08    [1.07,1.09]    0.79      0.79      0.25    1.06
                           0.62       1.39        1.59       1.59        1.28     1.08    [1.07,1.10]    0.87      0.87      0.28    1.07
                           0.63       1.53        1.59       1.59        1.41     1.09    [1.08,1.11]    0.97      0.97      0.31    1.08
                           0.64       1.70        1.59       1.59        1.59     1.07    [1.02,1.11]    1.07      1.07      0.34    1.09
                           0.65       1.86        1.82       1.82        1.73     1.08    [1.04,1.11]    1.02      1.02      0.37    1.10
                           0.66       2.03        1.92       1.92        1.82     1.11    [1.10,1.12]    1.05      1.05      0.41    1.11
                           0.67       2.20        2.03       2.03        1.94     1.13    [1.12,1.14]    1.08      1.08      0.44    1.13
                           0.68       2.35        2.14       2.14        2.06     1.14    [1.13,1.15]    1.10      1.10      0.47    1.13
                           0.69       2.52        2.26       2.26        2.19     1.15    [1.13,1.16]    1.11      1.11      0.51    1.14
                           0.70       2.69        2.39       2.39        2.33     1.16    [1.14,1.17]    1.13      1.13      0.54    1.15
                           0.71       2.89        2.53       2.53        2.47     1.17    [1.16,1.18]    1.14      1.14      0.58    1.15
                           0.72       3.10        2.67       2.67        2.62     1.18    [1.17,1.19]    1.16      1.16      0.62    1.16
                           0.73       3.34        2.82       2.82        2.80     1.20    [1.19,1.21]    1.19      1.19      0.67    1.17
                           0.74       3.61        2.98       2.98        2.98     1.21    [1.11,1.22]    1.21      1.21      0.73    1.19
                           0.75       3.85        3.15       3.15        3.30     1.17    [1.13,1.22]    1.22      1.22      0.77    1.20
                           0.76       4.12        4.10       4.10        3.65     1.13    [1.12,1.24]    1.01      1.01      0.83    1.22
                           0.77       4.43        4.30       4.30        3.67     1.21    [1.16,1.25]    1.03      1.03      0.89    1.24
                           0.78       4.76        4.51       4.51        4.03     1.18    [1.16,1.26]    1.05      1.05      0.96    1.25
                           0.79       5.10        4.73       4.73        4.03     1.26    [1.21,1.29]    1.08      1.08      1.00    1.26
                           0.80       5.47        4.97       4.97        4.21     1.30    [1.28,1.31]    1.10      1.10      1.01    1.28
                           0.81       5.87        5.21       5.21        4.46     1.32    [1.30,1.34]    1.13      1.13      1.02    1.30
                           0.82       6.37        5.47       5.47        4.72     1.35    [1.32,1.37]    1.17      1.17      1.04    1.33
                           0.83       7.03        5.74       5.74        5.43     1.29    [1.27,1.39]    1.23      1.23      1.08    1.37
                           0.84       7.91        6.02       6.02        5.69     1.39    [1.33,1.45]    1.31      1.31      1.14    1.40
                           0.85       9.33       11.25      11.26        6.77     1.38    [1.37,1.69]    0.83      0.83      1.26    1.51
                           0.86      12.57       11.74      11.75        7.38     1.70    [1.61,1.82]    1.07      1.07      1.59    1.88
                           0.87      13.24       12.26      12.26        7.39     1.79    [1.65,1.84]    1.08      1.08      1.57    1.84
                           0.88      13.96       12.80      12.80        8.05     1.73    [1.63,1.80]    1.09      1.09      1.54    1.80
                           0.89      14.94       13.36      13.36        9.76     1.53    [1.22,1.73]    1.12      1.12      1.46    1.70
                           0.90      16.11       13.94      13.95       12.13     1.33    [1.27,1.37]    1.15      1.16      1.39    1.64
                           0.91      17.75       14.56      14.56       13.06     1.36    [1.31,1.45]    1.22      1.22      1.37    1.64
                           0.92      25.77       15.19      15.19       17.54     1.47    [1.25,1.68]    1.70      1.70      1.82    2.08
--------------------------------------------------------------------------------------------------------------------------------------
  contrast0.95      27.4   0.55       0.45        1.59       1.59        0.44     1.03    [1.02,1.08]    0.28      0.28      0.09    1.00
                           0.56       0.56        1.59       1.59        0.53     1.05    [1.03,1.07]    0.35      0.35      0.11    1.02
                           0.57       0.67        1.59       1.59        0.64     1.04    [1.03,1.07]    0.42      0.42      0.13    1.03
                           0.58       0.77        1.59       1.59        0.73     1.06    [1.05,1.08]    0.49      0.49      0.16    1.04
                           0.59       0.88        1.59       1.59        0.82     1.07    [1.06,1.09]    0.55      0.55      0.18    1.04
                           0.60       1.00        1.59       1.59        0.93     1.07    [1.06,1.09]    0.63      0.63      0.20    1.05
                           0.61       1.11        1.59       1.59        1.05     1.06    [1.05,1.08]    0.70      0.70      0.22    1.06
                           0.62       1.24        1.59       1.59        1.15     1.08    [1.07,1.10]    0.78      0.78      0.25    1.07
                           0.63       1.37        1.59       1.59        1.26     1.09    [1.08,1.11]    0.86      0.86      0.28    1.07
                           0.64       1.50        1.59       1.59        1.37     1.09    [1.08,1.10]    0.94      0.94      0.30    1.08
                           0.65       1.63        1.59       1.59        1.59     1.02    [0.99,1.09]    1.02      1.02      0.33    1.08
                           0.66       1.77        1.77       1.77        1.63     1.09    [1.03,1.10]    1.00      1.00      0.36    1.08
                           0.67       1.91        1.86       1.86        1.79     1.07    [1.04,1.09]    1.03      1.03      0.38    1.08
                           0.68       2.06        1.95       1.95        1.85     1.11    [1.09,1.12]    1.06      1.06      0.41    1.09
                           0.69       2.21        2.05       2.05        1.96     1.13    [1.12,1.14]    1.08      1.08      0.45    1.10
                           0.70       2.37        2.15       2.15        2.08     1.14    [1.12,1.15]    1.10      1.10      0.48    1.11
                           0.71       2.53        2.26       2.26        2.21     1.14    [1.13,1.16]    1.12      1.12      0.51    1.12
                           0.72       2.70        2.38       2.38        2.35     1.15    [1.14,1.16]    1.14      1.14      0.54    1.13
                           0.73       2.88        2.50       2.50        2.49     1.16    [1.15,1.17]    1.15      1.15      0.58    1.14
                           0.74       3.07        2.62       2.62        2.63     1.17    [1.16,1.18]    1.17      1.17      0.62    1.15
                           0.75       3.26        2.76       2.76        2.76     1.18    [1.17,1.18]    1.18      1.18      0.65    1.15
                           0.76       3.44        2.89       2.89        2.90     1.18    [1.04,1.19]    1.19      1.19      0.69    1.15
                           0.77       3.64        3.04       3.04        3.34     1.09    [1.06,1.12]    1.20      1.20      0.73    1.16
                           0.78       3.86        3.19       3.19        3.34     1.15    [1.12,1.19]    1.21      1.21      0.78    1.17
                           0.79       4.10        4.09       4.09        3.45     1.19    [1.18,1.22]    1.00      1.00      0.82    1.19
                           0.80       4.36        4.26       4.26        3.55     1.23    [1.13,1.24]    1.02      1.02      0.88    1.21
                           0.81       4.63        4.44       4.44        3.90     1.19    [1.15,1.23]    1.04      1.04      0.93    1.23
                           0.82       4.90        4.64       4.64        3.91     1.26    [1.21,1.26]    1.06      1.06      0.99    1.25
                           0.83       5.21        4.83       4.83        4.10     1.27    [1.23,1.28]    1.08      1.08      1.00    1.25
                           0.84       5.60        5.04       5.04        4.35     1.29    [1.28,1.30]    1.11      1.11      1.02    1.26
                           0.85       6.02        5.26       5.26        4.60     1.31    [1.30,1.32]    1.14      1.14      1.03    1.28
                           0.86       6.43        5.49       5.49        4.83     1.33    [1.32,1.34]    1.17      1.17      1.04    1.29
                           0.87       6.96        5.72       5.72        5.27     1.32    [1.28,1.35]    1.22      1.22      1.06    1.32
                           0.88       7.60        5.97       5.97        5.58     1.36    [1.33,1.39]    1.27      1.27      1.09    1.36
                           0.89       8.34        6.23       6.23        6.32     1.32    [1.29,1.40]    1.34      1.34      1.13    1.37
                           0.90       9.17        6.49       6.49        6.52     1.41    [1.36,1.43]    1.41      1.41      1.17    1.39
                           0.91      10.34       11.05      10.38        7.68     1.34    [1.31,1.47]    1.00      0.94      1.22    1.46
                           0.92      12.24       13.09      11.84        7.94     1.54    [1.36,1.72]    1.03      0.94      1.30    1.55
                           0.93      19.14       14.32      13.42       10.23     1.87    [1.78,1.94]    1.43      1.34      1.84    2.15
                           0.94      22.00         nan      15.11       11.35     1.94    [1.73,1.99]    1.46         -      1.90    2.14
                           0.95      27.80         nan      29.23       14.40     1.93    [1.61,2.07]    0.95         -      1.88    2.20
--------------------------------------------------------------------------------------------------------------------------------------
  contrast0.99      27.4   0.55       0.47        1.60       1.60        0.45     1.04    [1.03,1.06]    0.29      0.29      0.09    1.01
                           0.56       0.57        1.60       1.60        0.54     1.05    [1.03,1.07]    0.35      0.35      0.11    1.02
                           0.57       0.67        1.60       1.60        0.65     1.03    [1.02,1.05]    0.42      0.42      0.13    1.03
                           0.58       0.76        1.60       1.60        0.73     1.04    [1.02,1.06]    0.48      0.48      0.15    1.03
                           0.59       0.87        1.60       1.60        0.82     1.06    [1.04,1.07]    0.54      0.54      0.17    1.04
                           0.60       0.99        1.60       1.60        0.93     1.06    [1.04,1.07]    0.62      0.62      0.20    1.04
                           0.61       1.11        1.60       1.60        1.05     1.07    [1.06,1.08]    0.70      0.70      0.22    1.05
                           0.62       1.25        1.60       1.60        1.15     1.09    [1.08,1.11]    0.78      0.78      0.25    1.07
                           0.63       1.38        1.60       1.60        1.26     1.10    [1.09,1.11]    0.86      0.86      0.28    1.08
                           0.64       1.51        1.60       1.60        1.38     1.09    [0.97,1.10]    0.94      0.94      0.30    1.09
                           0.65       1.62        1.60       1.60        1.60     1.01    [0.98,1.07]    1.01      1.01      0.33    1.08
                           0.66       1.75        1.60       1.60        1.60     1.09    [1.02,1.11]    1.09      1.09      0.35    1.08
                           0.67       1.90        1.83       1.83        1.79     1.06    [1.04,1.09]    1.04      1.04      0.38    1.09
                           0.68       2.04        1.93       1.93        1.84     1.11    [1.09,1.11]    1.06      1.06      0.41    1.09
                           0.69       2.18        2.03       2.03        1.95     1.12    [1.11,1.13]    1.07      1.07      0.44    1.09
                           0.70       2.34        2.14       2.14        2.07     1.13    [1.12,1.14]    1.09      1.09      0.47    1.10
                           0.71       2.51        2.25       2.25        2.20     1.14    [1.13,1.15]    1.11      1.11      0.50    1.11
                           0.72       2.67        2.37       2.37        2.33     1.14    [1.13,1.15]    1.13      1.13      0.54    1.12
                           0.73       2.85        2.50       2.50        2.48     1.15    [1.14,1.16]    1.14      1.14      0.57    1.14
                           0.74       3.04        2.63       2.63        2.63     1.16    [1.15,1.16]    1.16      1.16      0.61    1.15
                           0.75       3.25        2.77       2.77        2.78     1.17    [1.16,1.18]    1.18      1.18      0.65    1.16
                           0.76       3.49        2.91       2.91        3.37     1.03    [1.01,1.19]    1.20      1.20      0.70    1.17
                           0.77       3.69        3.07       3.07        3.37     1.09    [1.06,1.12]    1.20      1.20      0.74    1.18
                           0.78       3.89        3.23       3.23        3.37     1.15    [1.12,1.18]    1.20      1.20      0.78    1.18
                           0.79       4.10        4.09       4.09        3.50     1.17    [1.16,1.21]    1.00      1.00      0.82    1.18
                           0.80       4.33        4.25       4.25        3.80     1.14    [1.13,1.22]    1.02      1.02      0.87    1.19
                           0.81       4.57        4.42       4.42        3.84     1.19    [1.16,1.21]    1.03      1.03      0.92    1.21
                           0.82       4.84        4.60       4.60        4.07     1.19    [1.18,1.24]    1.05      1.05      0.97    1.22
                           0.83       5.12        4.78       4.78        4.09     1.25    [1.23,1.26]    1.07      1.07      1.00    1.24
                           0.84       5.43        4.96       4.96        4.30     1.26    [1.26,1.27]    1.09      1.09      1.01    1.25
                           0.85       5.77        5.16       5.16        4.51     1.28    [1.27,1.29]    1.12      1.12      1.02    1.25
                           0.86       6.16        5.36       5.36        4.75     1.30    [1.29,1.31]    1.15      1.15      1.04    1.27
                           0.87       6.59        5.57       5.57        5.03     1.31    [1.30,1.32]    1.18      1.18      1.05    1.29
                           0.88       7.03        5.79       5.79        5.31     1.32    [1.32,1.33]    1.21      1.21      1.07    1.31
                           0.89       7.50        6.02       6.02        5.61     1.33    [1.33,1.35]    1.24      1.24      1.08    1.33
                           0.90       8.09        6.26       6.26        5.96     1.36    [1.35,1.37]    1.29      1.29      1.11    1.34
                           0.91       8.78        6.50       6.50        6.36     1.38    [1.36,1.40]    1.35      1.35      1.14    1.36
                           0.92       9.63        9.62       9.62        6.86     1.41    [1.26,1.42]    1.00      1.00      1.19    1.40
                           0.93      10.58       10.51      10.51        7.87     1.34    [1.30,1.40]    1.01      1.01      1.20    1.44
                           0.94      12.09       11.48      11.49        9.02     1.34    [1.30,1.49]    1.05      1.05      1.23    1.47
                           0.95      14.56       12.54      12.55       10.24     1.42    [1.34,1.57]    1.16      1.16      1.33    1.55
--------------------------------------------------------------------------------------------------------------------------------------

fidelity ceiling by method
         point         threshold    adaptive_count  fixed_count_mmpp     adaptive_mmpp           learned           optimal
   contrast0.5            0.8513            0.8481            0.8697            0.8710            0.8706            0.8713
   contrast0.7            0.8976            0.8935            0.9109            0.9108            0.9106            0.9110
  contrast0.85            0.9284            0.9206            0.9344            0.9378            0.9377            0.9375
  contrast0.95            0.9508            0.9390            0.9542            0.9544            0.9544            0.9544
  contrast0.99            0.9565            0.9556            0.9615            0.9613            0.9610            0.9612

end-to-end speedup including per-shot overhead (F* = 0.85)
   contrast0.5   0 us: 1.81x,  5 us: 1.71x,  20 us: 1.51x,  100 us: 1.20x
   contrast0.7   0 us: 1.59x,  5 us: 1.41x,  20 us: 1.21x,  100 us: 1.06x
  contrast0.85   0 us: 1.38x,  5 us: 1.22x,  20 us: 1.10x,  100 us: 1.02x
  contrast0.95   0 us: 1.31x,  5 us: 1.15x,  20 us: 1.06x,  100 us: 1.01x
  contrast0.99   0 us: 1.28x,  5 us: 1.13x,  20 us: 1.05x,  100 us: 1.01x
