
====================================================================================================
EMISSION-CONTRAST SWEEP AT FIXED BRIGHT RATE: run-time reduction at matched balanced fidelity
  lambda_- is held fixed and lambda_0 is raised, so photons per bright dwell stay constant while the two states become harder to tell apart.
  detector: non-paralyzable dead time 2000 ns, afterpulse p = 0.05 with tau = 5000 ns, filter rates corrected
  rate noise: no rate noise
  physics layer: nv_charge_readout_master_v1_4
====================================================================================================
         point  ph/dwell     F*  t_thr(us) t_count(us)  t_fcm(us)  T_mmpp(us)  sp_mmpp         95% CI  sp_fcm  sp_count  sp_learn  sp_opt
--------------------------------------------------------------------------------------------------------------------------------------
   contrast0.5      27.4   0.55       0.82        1.55       1.55        0.85     0.96    [0.76,1.00]    0.53      0.53      0.16    1.09
                           0.56       0.99        1.55       1.55        0.94     1.05    [0.82,1.07]    0.64      0.64      0.20    1.08
                           0.57       1.15        1.55       1.55        1.27     0.91    [0.84,0.99]    0.74      0.74      0.23    1.07
                           0.58       1.34        1.55       1.55        1.33     1.00    [0.93,1.06]    0.86      0.86      0.27    1.07
                           0.59       1.52        1.55       1.55        1.41     1.08    [1.03,1.13]    0.99      0.99      0.31    1.07
                           0.60       1.78        1.55       1.55        1.55     1.15    [1.01,1.15]    1.15      1.15      0.36    1.11
                           0.61       2.02        1.91       1.91        1.87     1.08    [1.04,1.12]    1.06      1.06      0.41    1.14
                           0.62       2.26        2.09       2.09        2.00     1.13    [1.09,1.17]    1.08      1.08      0.45    1.16
                           0.63       2.52        2.28       2.28        2.14     1.18    [0.85,1.20]    1.11      1.11      0.51    1.14
                           0.64       2.83        2.49       2.49        3.09     0.91    [0.86,1.19]    1.14      1.14      0.57    1.14
                           0.65       3.18        2.71       2.71        3.09     1.03    [0.95,1.16]    1.17      1.17      0.64    1.16
                           0.66       3.72        2.96       2.96        3.09     1.20    [1.06,1.36]    1.26      1.26      0.75    1.24
                           0.67       4.58        4.49       4.32        4.09     1.12    [1.10,1.41]    1.06      1.02      0.92    1.39
                           0.68       5.31        7.69       4.87        4.51     1.18    [1.09,1.37]    1.09      0.69      1.02    1.39
                           0.69       9.38        9.70       9.59        6.02     1.56    [0.98,1.62]    0.98      0.97      1.62    2.07
                           0.70      10.09       10.93      10.25        7.57     1.33    [1.29,1.42]    0.98      0.92      1.56    1.84
                           0.71      10.64       12.32      10.96        7.58     1.40    [1.36,1.48]    0.97      0.86      1.48    1.66
                           0.72      11.34       13.88      11.72        7.59     1.49    [1.43,1.57]    0.97      0.82      1.41    1.54
                           0.73      12.14       14.81      12.53        7.93     1.53    [1.01,1.63]    0.97      0.82      1.35    1.46
                           0.74      13.27       15.49      13.40       12.84     1.03    [0.98,1.58]    0.99      0.86      1.32    1.43
                           0.75      17.94       16.20      14.33       14.01     1.28    [1.00,1.32]    1.25      1.11      1.60    1.76
                           0.76      19.21       16.94      15.67       14.27     1.35    [1.30,1.39]    1.23      1.13      1.54    1.61
                           0.77      20.60       17.72      17.12       15.20     1.36    [1.09,1.40]    1.20      1.16      1.49    1.51
                           0.78      22.18       34.91      23.12       19.72     1.12    [1.09,1.41]    0.96      0.64      1.45    1.44
                           0.79      28.59       38.21      31.65       19.93     1.43    [1.15,1.50]    0.90      0.75      1.69    1.67
                           0.80      31.96       41.93      34.63       21.95     1.46    [1.37,1.75]    0.92      0.76      1.64    1.70
                           0.81      40.51       42.79      38.07       21.98     1.84    [1.38,1.96]    1.06      0.95      1.80    1.97
                           0.82      55.57         nan      42.99       37.79     1.47    [1.18,2.03]    1.29         -      2.15    2.22
--------------------------------------------------------------------------------------------------------------------------------------
   contrast0.7      27.4   0.55       0.58        1.57       1.57        0.53     1.09    [1.05,1.12]    0.37      0.37      0.12    1.03
                           0.56       0.69        1.57       1.57        0.65     1.07    [1.04,1.09]    0.44      0.44      0.14    1.02
                           0.57       0.82        1.57       1.57        0.78     1.05    [1.04,1.07]    0.52      0.52      0.16    0.99
                           0.58       0.94        1.57       1.57        0.89     1.06    [1.04,1.08]    0.60      0.60      0.19    0.97
                           0.59       1.07        1.57       1.57        1.01     1.06    [1.04,1.08]    0.68      0.68      0.22    0.96
                           0.60       1.24        1.57       1.57        1.57     0.79    [0.77,1.08]    0.79      0.79      0.25    0.98
                           0.61       1.41        1.57       1.57        1.57     0.90    [0.84,0.96]    0.90      0.90      0.28    1.00
                           0.62       1.57        1.57       1.57        1.57     1.00    [0.95,1.04]    1.00      1.00      0.32    1.01
                           0.63       1.71        1.57       1.57        1.57     1.09    [1.00,1.11]    1.09      1.09      0.34    1.01
                           0.64       1.87        1.84       1.84        1.76     1.07    [1.02,1.12]    1.02      1.02      0.38    1.02
                           0.65       2.07        1.97       1.97        1.81     1.14    [1.11,1.16]    1.05      1.05      0.42    1.04
                           0.66       2.29        2.10       2.10        1.97     1.16    [1.14,1.19]    1.09      1.09      0.46    1.07
                           0.67       2.52        2.25       2.25        2.13     1.18    [1.16,1.20]    1.12      1.12      0.51    1.10
                           0.68       2.75        2.41       2.41        2.31     1.19    [1.18,1.20]    1.14      1.14      0.55    1.13
                           0.69       3.00        2.57       2.57        2.50     1.20    [1.19,1.21]    1.16      1.16      0.60    1.16
                           0.70       3.27        2.75       2.75        2.69     1.21    [1.02,1.22]    1.19      1.19      0.66    1.19
                           0.71       3.56        2.94       2.94        3.21     1.11    [1.05,1.18]    1.21      1.21      0.72    1.20
                           0.72       3.93        3.15       3.15        3.21     1.22    [1.03,1.26]    1.25      1.25      0.79    1.22
                           0.73       4.31        4.30       4.30        3.96     1.09    [1.04,1.23]    1.00      1.00      0.87    1.25
                           0.74       4.76        4.64       4.65        3.98     1.20    [1.11,1.29]    1.02      1.02      0.96    1.28
                           0.75       5.42        5.02       5.04        3.99     1.36    [1.19,1.39]    1.08      1.08      1.03    1.33
                           0.76       6.45        5.42       5.45        5.09     1.27    [1.19,1.47]    1.18      1.19      1.11    1.38
                           0.77       8.48        5.86       5.90        5.68     1.49    [1.30,1.84]    1.44      1.45      1.32    1.58
                           0.78      11.57       14.74      14.75        8.12     1.42    [1.38,1.55]    0.78      0.78      1.64    1.88
                           0.79      12.37       14.90      14.89        8.21     1.51    [1.46,1.56]    0.83      0.83      1.59    1.79
                           0.80      13.10       15.05      15.03        8.46     1.55    [1.51,1.61]    0.87      0.87      1.52    1.70
                           0.81      13.87       15.21      15.18        8.47     1.64    [1.52,1.69]    0.91      0.91      1.46    1.64
                           0.82      14.91       15.37      15.33        9.18     1.62    [1.11,1.70]    0.97      0.97      1.41    1.62
                           0.83      16.12       15.53      15.48       14.50     1.11    [1.07,1.70]    1.04      1.04      1.37    1.60
                           0.84      17.69       32.75      15.63       18.74     0.94    [0.93,1.22]    1.13      0.54      1.36    1.51
                           0.85      23.78       34.72      31.50       18.94     1.26    [1.21,1.30]    0.75      0.68      1.66    1.77
                           0.86      25.60       36.80      31.97       20.99     1.22    [1.18,1.34]    0.80      0.70      1.62    1.69
                           0.87      37.85       39.67      32.46       21.10     1.79    [1.30,1.89]    1.17      0.95      2.18    2.25
--------------------------------------------------------------------------------------------------------------------------------------
  contrast0.85      27.4   0.55       0.50        1.58       1.58        0.45     1.12    [1.09,1.16]    0.32      0.32      0.10    1.02
                           0.56       0.60        1.58       1.58        0.55     1.08    [1.05,1.12]    0.38      0.38      0.12    1.01
                           0.57       0.71        1.58       1.58        0.67     1.06    [1.04,1.08]    0.45      0.45      0.14    1.03
                           0.58       0.84        1.58       1.58        0.78     1.08    [1.06,1.10]    0.53      0.53      0.17    1.04
                           0.59       0.96        1.58       1.58        0.89     1.08    [1.06,1.09]    0.61      0.61      0.19    1.05
                           0.60       1.09        1.58       1.58        1.01     1.07    [1.07,1.08]    0.69      0.69      0.22    1.06
                           0.61       1.22        1.58       1.58        1.12     1.09    [1.07,1.11]    0.77      0.77      0.24    1.07
                           0.62       1.36        1.58       1.58        1.23     1.11    [1.09,1.12]    0.86      0.86      0.27    1.08
                           0.63       1.49        1.58       1.58        1.35     1.10    [1.08,1.12]    0.94      0.94      0.30    1.08
                           0.64       1.65        1.58       1.58        1.49     1.10    [1.08,1.11]    1.04      1.04      0.33    1.09
                           0.65       1.79        1.79       1.79        1.78     1.00    [0.99,1.10]    1.00      1.00      0.36    1.08
                           0.66       1.93        1.89       1.89        1.86     1.04    [1.02,1.06]    1.02      1.02      0.39    1.08
                           0.67       2.11        1.99       1.99        1.95     1.08    [1.06,1.11]    1.06      1.06      0.42    1.10
                           0.68       2.28        2.10       2.10        2.04     1.12    [1.10,1.14]    1.09      1.09      0.46    1.11
                           0.69       2.45        2.21       2.21        2.13     1.15    [1.14,1.16]    1.11      1.11      0.49    1.11
                           0.70       2.63        2.33       2.33        2.27     1.16    [1.15,1.17]    1.13      1.13      0.53    1.13
                           0.71       2.82        2.46       2.46        2.41     1.17    [1.16,1.18]    1.15      1.15      0.57    1.14
                           0.72       3.00        2.60       2.60        2.54     1.18    [1.18,1.19]    1.16      1.16      0.60    1.15
                           0.73       3.20        2.74       2.74        2.67     1.20    [0.98,1.20]    1.17      1.17      0.64    1.16
                           0.74       3.43        2.89       2.89        3.28     1.05    [1.00,1.09]    1.19      1.19      0.69    1.19
                           0.75       3.68        3.04       3.04        3.28     1.12    [1.07,1.17]    1.21      1.21      0.74    1.20
                           0.76       3.95        3.21       3.21        3.28     1.20    [1.15,1.24]    1.23      1.23      0.79    1.20
                           0.77       4.25        4.18       4.19        3.43     1.24    [1.21,1.25]    1.01      1.01      0.85    1.21
                           0.78       4.57        4.39       4.40        3.62     1.26    [1.25,1.28]    1.04      1.04      0.92    1.22
                           0.79       4.98        4.61       4.62        4.07     1.22    [1.22,1.29]    1.08      1.08      1.00    1.26
                           0.80       5.40        4.83       4.85        4.14     1.31    [1.26,1.32]    1.11      1.12      1.00    1.29
                           0.81       5.83        5.07       5.09        4.41     1.32    [1.31,1.34]    1.14      1.15      1.01    1.31
                           0.82       6.31        5.32       5.35        4.69     1.35    [1.33,1.37]    1.18      1.19      1.01    1.32
                           0.83       6.89        5.58       5.62        4.99     1.38    [1.35,1.41]    1.23      1.23      1.03    1.34
                           0.84       7.63        5.86       5.90        5.37     1.42    [1.39,1.44]    1.29      1.30      1.06    1.39
                           0.85       8.50        6.14       6.20        5.98     1.42    [1.39,1.58]    1.37      1.38      1.10    1.43
                           0.86      14.32       11.69      11.63        6.74     2.12    [1.47,2.15]    1.23      1.22      1.72    2.11
                           0.87      15.51       12.51      12.54        9.77     1.59    [1.55,1.63]    1.24      1.24      1.73    2.03
                           0.88      16.63       13.39      13.53       10.09     1.65    [1.61,1.68]    1.23      1.24      1.65    1.96
                           0.89      17.80       14.32      14.60       10.41     1.71    [1.67,1.77]    1.22      1.24      1.56    1.82
                           0.90      19.53       15.33      15.75       12.54     1.56    [1.52,1.81]    1.24      1.27      1.53    1.69
                           0.91      25.06         nan      29.16       23.88     1.05    [0.93,1.77]    0.86         -      1.70    1.88
--------------------------------------------------------------------------------------------------------------------------------------
  contrast0.95      27.4   0.55       0.48        1.59       1.59        0.44     1.08    [1.04,1.11]    0.30      0.30      0.10    1.02
                           0.56       0.57        1.59       1.59        0.55     1.04    [1.02,1.07]    0.36      0.36      0.12    1.02
                           0.57       0.68        1.59       1.59        0.65     1.05    [1.03,1.06]    0.43      0.43      0.14    1.03
                           0.58       0.78        1.59       1.59        0.75     1.05    [1.03,1.07]    0.49      0.49      0.16    1.03
                           0.59       0.90        1.59       1.59        0.85     1.06    [1.04,1.07]    0.57      0.57      0.18    1.04
                           0.60       1.01        1.59       1.59        0.95     1.05    [1.04,1.07]    0.63      0.63      0.20    1.04
                           0.61       1.12        1.59       1.59        1.05     1.07    [1.06,1.09]    0.70      0.70      0.23    1.05
                           0.62       1.24        1.59       1.59        1.15     1.08    [1.07,1.10]    0.78      0.78      0.25    1.06
                           0.63       1.37        1.59       1.59        1.26     1.09    [1.07,1.10]    0.86      0.86      0.28    1.07
                           0.64       1.51        1.59       1.59        1.38     1.10    [1.00,1.11]    0.95      0.95      0.30    1.09
                           0.65       1.63        1.59       1.59        1.59     1.02    [0.99,1.10]    1.02      1.02      0.33    1.08
                           0.66       1.76        1.76       1.76        1.76     1.00    [0.99,1.09]    1.00      1.00      0.35    1.09
                           0.67       1.91        1.86       1.86        1.82     1.05    [1.02,1.07]    1.03      1.03      0.38    1.10
                           0.68       2.05        1.95       1.95        1.89     1.08    [1.06,1.10]    1.05      1.05      0.41    1.09
                           0.69       2.20        2.06       2.06        1.96     1.12    [1.10,1.14]    1.07      1.07      0.44    1.09
                           0.70       2.36        2.17       2.17        2.07     1.14    [1.13,1.15]    1.09      1.09      0.47    1.09
                           0.71       2.52        2.28       2.28        2.21     1.14    [1.14,1.15]    1.10      1.10      0.51    1.10
                           0.72       2.70        2.41       2.41        2.34     1.15    [1.14,1.16]    1.12      1.12      0.54    1.11
                           0.73       2.89        2.54       2.54        2.49     1.16    [0.88,1.17]    1.14      1.14      0.58    1.12
                           0.74       3.10        2.67       2.67        3.34     0.93    [0.90,0.96]    1.16      1.16      0.62    1.14
                           0.75       3.30        2.81       2.81        3.34     0.99    [0.96,1.02]    1.17      1.17      0.66    1.16
                           0.76       3.51        2.96       2.96        3.34     1.05    [1.02,1.09]    1.18      1.18      0.71    1.17
                           0.77       3.74        3.12       3.12        3.34     1.12    [1.08,1.16]    1.20      1.20      0.75    1.19
                           0.78       3.99        3.29       3.29        3.34     1.20    [1.15,1.22]    1.21      1.21      0.80    1.19
                           0.79       4.25        4.19       4.19        3.65     1.16    [1.16,1.23]    1.01      1.01      0.85    1.20
                           0.80       4.52        4.36       4.36        3.68     1.23    [1.19,1.25]    1.04      1.04      0.91    1.20
                           0.81       4.82        4.54       4.54        3.85     1.25    [1.21,1.26]    1.06      1.06      0.97    1.22
                           0.82       5.14        4.72       4.72        4.17     1.23    [1.22,1.25]    1.09      1.09      1.00    1.24
                           0.83       5.47        4.91       4.91        4.35     1.26    [1.24,1.27]    1.11      1.11      1.01    1.25
                           0.84       5.82        5.11       5.11        4.53     1.28    [1.27,1.30]    1.14      1.14      1.02    1.27
                           0.85       6.20        5.32       5.32        4.71     1.32    [1.30,1.33]    1.17      1.17      1.03    1.30
                           0.86       6.62        5.54       5.54        4.96     1.33    [1.32,1.35]    1.20      1.20      1.04    1.32
                           0.87       7.14        5.76       5.76        5.27     1.35    [1.33,1.37]    1.24      1.24      1.06    1.32
                           0.88       7.72        5.99       5.99        5.92     1.30    [1.28,1.34]    1.29      1.29      1.08    1.34
                           0.89       8.38        6.24       6.24        6.01     1.39    [1.34,1.41]    1.34      1.34      1.11    1.36
                           0.90       9.22        6.49       6.49        6.43     1.43    [1.36,1.45]    1.42      1.42      1.16    1.41
                           0.91      10.39       11.32      10.48        7.58     1.37    [1.33,1.46]    0.99      0.92      1.20    1.43
                           0.92      12.50       13.97      12.09        8.18     1.53    [1.47,1.76]    1.03      0.90      1.28    1.53
                           0.93      21.87         nan      15.08        9.81     2.23    [1.53,2.39]    1.45         -      1.98    2.26
--------------------------------------------------------------------------------------------------------------------------------------
  contrast0.99      27.4   0.55       0.48        1.60       1.60        0.45     1.07    [1.04,1.11]    0.30      0.30      0.10    1.02
                           0.56       0.59        1.60       1.60        0.57     1.03    [1.02,1.06]    0.37      0.37      0.12    1.04
                           0.57       0.70        1.60       1.60        0.66     1.06    [1.04,1.08]    0.44      0.44      0.14    1.04
                           0.58       0.80        1.60       1.60        0.75     1.06    [1.04,1.08]    0.50      0.50      0.16    1.04
                           0.59       0.90        1.60       1.60        0.86     1.05    [1.04,1.06]    0.56      0.56      0.18    1.04
                           0.60       1.00        1.60       1.60        0.95     1.05    [1.04,1.06]    0.62      0.62      0.20    1.03
                           0.61       1.11        1.60       1.60        1.04     1.06    [1.04,1.08]    0.69      0.69      0.22    1.03
                           0.62       1.24        1.60       1.60        1.15     1.08    [1.06,1.10]    0.77      0.77      0.25    1.05
                           0.63       1.37        1.60       1.60        1.26     1.09    [1.07,1.10]    0.85      0.85      0.27    1.07
                           0.64       1.50        1.60       1.60        1.38     1.08    [0.95,1.09]    0.93      0.93      0.30    1.07
                           0.65       1.62        1.60       1.60        1.60     1.01    [0.97,1.05]    1.01      1.01      0.33    1.08
                           0.66       1.75        1.60       1.60        1.60     1.09    [1.00,1.09]    1.09      1.09      0.35    1.08
                           0.67       1.89        1.84       1.84        1.81     1.04    [1.02,1.06]    1.03      1.03      0.38    1.09
                           0.68       2.02        1.93       1.93        1.88     1.08    [1.06,1.09]    1.05      1.05      0.41    1.09
                           0.69       2.16        2.03       2.03        1.94     1.11    [1.10,1.12]    1.07      1.07      0.43    1.09
                           0.70       2.30        2.13       2.13        2.05     1.12    [1.12,1.13]    1.08      1.08      0.46    1.09
                           0.71       2.45        2.23       2.23        2.16     1.13    [1.13,1.14]    1.10      1.10      0.49    1.09
                           0.72       2.60        2.34       2.34        2.29     1.14    [1.13,1.14]    1.11      1.11      0.52    1.09
                           0.73       2.77        2.46       2.46        2.42     1.14    [0.84,1.15]    1.13      1.13      0.56    1.10
                           0.74       2.95        2.59       2.59        3.37     0.88    [0.85,0.92]    1.14      1.14      0.59    1.12
                           0.75       3.15        2.71       2.71        3.37     0.93    [0.91,0.96]    1.16      1.16      0.63    1.13
                           0.76       3.33        2.85       2.85        3.37     0.99    [0.96,1.02]    1.17      1.17      0.67    1.15
                           0.77       3.53        2.99       2.99        3.37     1.05    [1.02,1.08]    1.18      1.18      0.71    1.16
                           0.78       3.74        3.14       3.14        3.37     1.11    [1.08,1.14]    1.19      1.19      0.75    1.18
                           0.79       3.96        3.30       3.30        3.37     1.18    [1.14,1.20]    1.20      1.20      0.80    1.19
                           0.80       4.20        4.16       4.16        3.49     1.20    [1.15,1.21]    1.01      1.01      0.84    1.19
                           0.81       4.45        4.33       4.33        3.62     1.23    [1.22,1.23]    1.03      1.03      0.89    1.19
                           0.82       4.72        4.50       4.50        3.82     1.24    [1.17,1.24]    1.05      1.05      0.95    1.20
                           0.83       5.01        4.68       4.68        4.19     1.20    [1.18,1.21]    1.07      1.07      1.00    1.21
                           0.84       5.33        4.86       4.86        4.35     1.23    [1.21,1.24]    1.10      1.10      1.01    1.23
                           0.85       5.68        5.05       5.05        4.51     1.26    [1.24,1.28]    1.12      1.12      1.02    1.25
                           0.86       6.04        5.25       5.25        4.68     1.29    [1.28,1.30]    1.15      1.15      1.03    1.27
                           0.87       6.40        5.46       5.46        4.91     1.30    [1.30,1.31]    1.17      1.17      1.04    1.29
                           0.88       6.82        5.68       5.68        5.16     1.32    [1.31,1.33]    1.20      1.20      1.05    1.31
                           0.89       7.31        5.90       5.90        5.43     1.35    [1.34,1.36]    1.24      1.24      1.07    1.31
                           0.90       7.89        6.13       6.13        5.78     1.36    [1.35,1.38]    1.29      1.29      1.10    1.32
                           0.91       8.54        6.38       6.38        6.18     1.38    [1.37,1.39]    1.34      1.34      1.13    1.35
                           0.92       9.30        6.63       6.63        6.60     1.41    [1.26,1.42]    1.40      1.40      1.17    1.38
                           0.93      10.28       10.14      10.16        7.58     1.36    [1.31,1.40]    1.01      1.01      1.21    1.43
                           0.94      11.53       11.09      11.14        7.81     1.48    [1.26,1.49]    1.03      1.04      1.22    1.43
                           0.95      13.45       12.14      12.22        9.31     1.44    [1.36,1.53]    1.10      1.11      1.28    1.50
--------------------------------------------------------------------------------------------------------------------------------------

fidelity ceiling by method
         point         threshold    adaptive_count  fixed_count_mmpp     adaptive_mmpp           learned           optimal
   contrast0.5            0.8231            0.8194            0.8410            0.8419            0.8420            0.8419
   contrast0.7            0.8783            0.8751            0.8887            0.8932            0.8937            0.8945
  contrast0.85            0.9190            0.9081            0.9226            0.9268            0.9260            0.9275
  contrast0.95            0.9394            0.9290            0.9440            0.9461            0.9446            0.9460
  contrast0.99            0.9590            0.9588            0.9624            0.9626            0.9624            0.9632

end-to-end speedup including per-shot overhead (F* = 0.85)
   contrast0.5   0 us: n/a,  5 us: n/a,  20 us: n/a,  100 us: n/a
   contrast0.7   0 us: 1.26x,  5 us: 1.20x,  20 us: 1.12x,  100 us: 1.04x
  contrast0.85   0 us: 1.42x,  5 us: 1.23x,  20 us: 1.10x,  100 us: 1.02x
  contrast0.95   0 us: 1.32x,  5 us: 1.15x,  20 us: 1.06x,  100 us: 1.01x
  contrast0.99   0 us: 1.26x,  5 us: 1.12x,  20 us: 1.05x,  100 us: 1.01x
