
====================================================================================================
DETECTION-EFFICIENCY SWEEP: run-time reduction at matched balanced fidelity
  eta thins both emission rates, so contrast is unchanged but the sparsity parameter lambda_-/Gamma_-0 falls with eta. This is the sweep that shows where the event-time statistic stops paying.
  detector: non-paralyzable dead time 2000 ns, afterpulse p = 0.05 with tau = 5000 ns, filter rates corrected
  rate noise: no rate noise
  physics layer: nv_charge_readout_master_v1_4
====================================================================================================
         point  ph/dwell     F*  t_thr(us) t_count(us)  t_fcm(us)  T_mmpp(us)  sp_mmpp         95% CI  sp_fcm  sp_count  sp_learn  sp_opt
--------------------------------------------------------------------------------------------------------------------------------------
       eta0.02       0.5   0.55      27.23       80.72      80.72       26.24     1.04    [1.01,1.07]    0.34      0.34      1.03    1.04
                           0.56      33.46       80.72      80.72       32.11     1.04    [1.02,1.07]    0.41      0.41      1.03    1.04
                           0.57      40.55       80.72      80.72       39.22     1.03    [1.02,1.05]    0.50      0.50      1.03    1.00
                           0.58      49.26       80.72      80.72       46.90     1.05    [1.02,1.08]    0.61      0.61      1.05    1.02
                           0.59      60.66       80.72      80.72       56.08     1.08    [1.04,1.12]    0.75      0.75      1.06    1.05
                           0.60      72.50       80.72      80.72       67.07     1.08    [1.04,1.10]    0.90      0.90      1.06    1.03
                           0.61      90.62       89.38      89.38      105.08     0.86    [0.84,1.09]    1.01      1.01      1.09    1.08
                           0.62     112.45      101.95     101.95      105.08     1.07    [0.86,1.11]    1.10      1.10      1.09    1.10
                           0.63     136.88      130.27     132.19      136.35     1.00    [0.89,1.13]    1.04      1.05      1.10    1.11
--------------------------------------------------------------------------------------------------------------------------------------
       eta0.05       1.4   0.55      10.36       32.07      32.07       10.09     1.03    [1.00,1.05]    0.32      0.32      1.01    1.01
                           0.56      12.42       32.07      32.07       12.18     1.02    [1.00,1.04]    0.39      0.39      1.05    0.99
                           0.57      15.14       32.07      32.07       14.47     1.05    [1.03,1.06]    0.47      0.47      1.11    1.03
                           0.58      17.47       32.07      32.07       16.47     1.06    [1.04,1.08]    0.54      0.54      1.12    1.03
                           0.59      19.92       32.07      32.07       18.75     1.06    [1.04,1.08]    0.62      0.62      1.11    1.04
                           0.60      22.64       32.07      32.07       21.35     1.06    [1.03,1.08]    0.71      0.71      1.09    1.05
                           0.61      26.16       32.07      32.07       32.07     0.82    [0.79,1.08]    0.82      0.82      1.09    1.07
                           0.62      29.42       32.07      32.07       32.07     0.92    [0.87,0.97]    0.92      0.92      1.07    1.07
                           0.63      32.92       32.07      32.07       32.07     1.03    [0.97,1.08]    1.03      1.03      1.08    1.08
                           0.64      36.54       36.18      36.18       34.30     1.07    [1.03,1.10]    1.01      1.01      1.09    1.07
                           0.65      40.20       39.07      39.07       37.00     1.09    [1.08,1.10]    1.03      1.03      1.09    1.05
                           0.66      45.06       42.19      42.19       40.15     1.12    [0.97,1.13]    1.07      1.07      1.10    1.07
                           0.67      50.60       45.56      45.56       46.75     1.08    [0.80,1.13]    1.11      1.11      1.11    1.09
                           0.68      56.85       55.64      55.73       67.40     0.84    [0.81,1.11]    1.02      1.02      1.12    1.13
                           0.69      63.84       59.74      59.96       67.40     0.95    [0.89,1.01]    1.06      1.07      1.14    1.13
                           0.70      72.06       64.13      64.52       67.40     1.07    [1.00,1.15]    1.12      1.12      1.15    1.15
                           0.71      84.37       82.34      82.93       80.34     1.05    [1.00,1.18]    1.02      1.02      1.19    1.20
                           0.72      95.77       89.54      89.84       80.49     1.19    [1.11,1.25]    1.07      1.07      1.20    1.21
                           0.73     125.41         nan     126.50      123.22     1.02    [0.66,1.28]    0.99         -      1.21    1.25
--------------------------------------------------------------------------------------------------------------------------------------
       eta0.15       4.1   0.55       3.28       10.66      10.66        3.15     1.04    [1.02,1.07]    0.31      0.31      0.34    1.01
                           0.56       4.00       10.66      10.66        3.81     1.05    [1.03,1.08]    0.38      0.38      0.42    1.01
                           0.57       4.78       10.66      10.66        4.59     1.04    [1.03,1.06]    0.45      0.45      0.50    1.02
                           0.58       5.59       10.66      10.66        5.23     1.07    [1.05,1.10]    0.52      0.52      0.58    1.03
                           0.59       6.43       10.66      10.66        5.94     1.08    [1.06,1.10]    0.60      0.60      0.67    1.04
                           0.60       7.23       10.66      10.66        6.74     1.07    [1.06,1.09]    0.68      0.68      0.76    1.04
                           0.61       8.12       10.66      10.66        7.61     1.07    [1.06,1.08]    0.76      0.76      0.85    1.06
                           0.62       9.01       10.66      10.66        8.34     1.08    [1.07,1.10]    0.84      0.84      0.94    1.07
                           0.63       9.98       10.66      10.66        9.15     1.09    [1.07,1.11]    0.94      0.94      1.04    1.07
                           0.64      10.99       10.66      10.66       10.03     1.10    [1.08,1.11]    1.03      1.03      1.07    1.07
                           0.65      12.00       11.90      11.90       11.76     1.02    [1.00,1.10]    1.01      1.01      1.08    1.07
                           0.66      13.05       12.63      12.63       12.01     1.09    [1.05,1.11]    1.03      1.03      1.08    1.08
                           0.67      14.16       13.40      13.40       12.70     1.12    [1.11,1.12]    1.06      1.06      1.09    1.09
                           0.68      15.35       14.23      14.23       13.63     1.13    [0.87,1.13]    1.08      1.08      1.09    1.10
                           0.69      16.67       15.10      15.10       17.80     0.94    [0.90,0.98]    1.10      1.10      1.10    1.12
                           0.70      18.01       16.03      16.03       17.80     1.01    [0.97,1.05]    1.12      1.12      1.11    1.14
                           0.71      19.38       17.01      17.01       17.80     1.09    [1.05,1.14]    1.14      1.14      1.12    1.13
                           0.72      21.01       20.94      20.95       18.95     1.11    [1.09,1.16]    1.00      1.00      1.13    1.14
                           0.73      22.80       21.99      22.01       19.50     1.17    [1.12,1.18]    1.04      1.04      1.14    1.16
                           0.74      24.64       23.10      23.14       21.03     1.17    [1.14,1.20]    1.06      1.07      1.15    1.17
                           0.75      26.62       24.25      24.31       22.16     1.20    [0.96,1.21]    1.09      1.10      1.16    1.19
                           0.76      29.12       25.47      25.55       28.95     1.01    [0.97,1.21]    1.14      1.14      1.18    1.21
                           0.77      31.81       26.75      26.85       28.95     1.10    [1.04,1.16]    1.18      1.19      1.20    1.22
                           0.78      34.94       28.09      28.22       28.95     1.21    [1.14,1.26]    1.24      1.24      1.22    1.24
                           0.79      38.20       37.48      37.69       32.42     1.18    [1.17,1.28]    1.01      1.02      1.23    1.26
                           0.80      42.14       39.80      39.95       33.32     1.26    [1.18,1.30]    1.05      1.06      1.24    1.25
                           0.81      48.66       42.26      42.35       40.70     1.20    [1.18,1.30]    1.15      1.15      1.29    1.31
                           0.82      57.71       44.87      44.89       42.37     1.36    [1.26,1.40]    1.29      1.29      1.30    1.31
--------------------------------------------------------------------------------------------------------------------------------------
        eta0.4      11.0   0.55       1.22        3.98       3.98        1.18     1.04    [1.01,1.07]    0.31      0.31      0.25    1.02
                           0.56       1.46        3.98       3.98        1.42     1.03    [1.01,1.06]    0.37      0.37      0.29    1.02
                           0.57       1.76        3.98       3.98        1.67     1.05    [1.03,1.07]    0.44      0.44      0.35    1.03
                           0.58       2.06        3.98       3.98        1.95     1.06    [1.04,1.08]    0.52      0.52      0.41    1.03
                           0.59       2.36        3.98       3.98        2.18     1.09    [1.07,1.10]    0.59      0.59      0.47    1.03
                           0.60       2.62        3.98       3.98        2.43     1.08    [1.06,1.10]    0.66      0.66      0.53    1.01
                           0.61       2.96        3.98       3.98        2.72     1.09    [1.07,1.10]    0.74      0.74      0.60    1.03
                           0.62       3.26        3.98       3.98        3.98     0.82    [0.82,1.08]    0.82      0.82      0.66    1.03
                           0.63       3.56        3.98       3.98        3.98     0.89    [0.86,0.93]    0.89      0.89      0.72    1.03
                           0.64       3.91        3.98       3.98        3.98     0.98    [0.94,1.03]    0.98      0.98      0.79    1.04
                           0.65       4.26        3.98       3.98        3.98     1.07    [1.02,1.10]    1.07      1.07      0.86    1.05
                           0.66       4.64        4.55       4.55        4.19     1.11    [1.06,1.11]    1.02      1.02      0.93    1.07
                           0.67       5.05        4.80       4.80        4.60     1.10    [1.08,1.11]    1.05      1.05      1.00    1.09
                           0.68       5.44        5.06       5.06        4.85     1.12    [1.11,1.13]    1.08      1.08      1.02    1.10
                           0.69       5.83        5.34       5.34        5.15     1.13    [1.13,1.14]    1.09      1.09      1.03    1.11
                           0.70       6.24        5.63       5.63        5.46     1.14    [1.14,1.15]    1.11      1.11      1.04    1.13
                           0.71       6.68        5.93       5.93        5.79     1.15    [1.14,1.17]    1.13      1.13      1.05    1.14
                           0.72       7.18        6.26       6.26        6.14     1.17    [1.15,1.19]    1.15      1.15      1.06    1.15
                           0.73       7.73        6.60       6.60        6.51     1.19    [1.17,1.20]    1.17      1.17      1.08    1.16
                           0.74       8.21        6.96       6.96        6.91     1.19    [1.18,1.20]    1.18      1.18      1.08    1.16
                           0.75       8.77        7.33       7.33        7.33     1.20    [1.13,1.21]    1.20      1.20      1.09    1.17
                           0.76       9.42        9.19       9.19        7.82     1.20    [1.15,1.22]    1.03      1.03      1.10    1.19
                           0.77      10.06        9.59       9.59        8.23     1.22    [1.21,1.23]    1.05      1.05      1.11    1.21
                           0.78      10.75       10.02      10.02        9.05     1.19    [1.18,1.24]    1.07      1.07      1.12    1.23
                           0.79      11.57       10.46      10.46        9.50     1.22    [1.20,1.24]    1.11      1.11      1.13    1.23
                           0.80      12.44       10.92      10.92        9.98     1.25    [1.23,1.26]    1.14      1.14      1.15    1.24
                           0.81      13.41       11.40      11.40       10.48     1.28    [1.26,1.30]    1.18      1.18      1.17    1.25
                           0.82      14.52       11.90      11.90       11.15     1.30    [1.29,1.32]    1.22      1.22      1.19    1.28
                           0.83      15.81       12.42      12.42       12.34     1.28    [1.25,1.33]    1.27      1.27      1.21    1.31
                           0.84      17.17       12.97      12.97       13.19     1.30    [1.26,1.34]    1.32      1.32      1.23    1.32
                           0.85      18.81       18.62      18.62       14.59     1.29    [1.28,1.38]    1.01      1.01      1.26    1.34
                           0.86      21.27       20.08      20.07       16.90     1.26    [1.20,1.40]    1.06      1.06      1.30    1.42
                           0.87      25.27       21.65      21.62       18.22     1.39    [1.26,1.48]    1.17      1.17      1.38    1.47
                           0.88      48.94       42.59      40.00       20.94     2.34    [1.37,2.80]    1.22      1.15      2.33    2.51
--------------------------------------------------------------------------------------------------------------------------------------
          eta1      27.4   0.55       0.51        1.60       1.60        0.46     1.09    [1.05,1.12]    0.32      0.32      0.10    1.02
                           0.56       0.62        1.60       1.60        0.60     1.05    [1.03,1.07]    0.39      0.39      0.13    1.03
                           0.57       0.74        1.60       1.60        0.70     1.05    [1.03,1.08]    0.46      0.46      0.15    1.03
                           0.58       0.87        1.60       1.60        0.82     1.06    [1.04,1.08]    0.54      0.54      0.17    1.05
                           0.59       0.99        1.60       1.60        0.94     1.05    [1.04,1.07]    0.62      0.62      0.20    1.06
                           0.60       1.12        1.60       1.60        1.03     1.08    [1.06,1.11]    0.70      0.70      0.22    1.07
                           0.61       1.24        1.60       1.60        1.13     1.10    [1.08,1.12]    0.77      0.77      0.25    1.07
                           0.62       1.35        1.60       1.60        1.23     1.10    [1.08,1.12]    0.85      0.85      0.27    1.07
                           0.63       1.48        1.60       1.60        1.35     1.10    [1.09,1.11]    0.93      0.93      0.30    1.07
                           0.64       1.61        1.60       1.60        1.47     1.09    [1.01,1.10]    1.01      1.01      0.32    1.08
                           0.65       1.74        1.60       1.60        1.60     1.09    [1.00,1.10]    1.09      1.09      0.35    1.08
                           0.66       1.88        1.84       1.84        1.82     1.03    [1.01,1.06]    1.02      1.02      0.38    1.09
                           0.67       2.04        1.95       1.95        1.90     1.07    [1.05,1.09]    1.05      1.05      0.41    1.09
                           0.68       2.20        2.05       2.05        1.98     1.11    [1.09,1.13]    1.07      1.07      0.44    1.10
                           0.69       2.37        2.17       2.17        2.08     1.14    [1.13,1.15]    1.09      1.09      0.48    1.10
                           0.70       2.55        2.29       2.29        2.22     1.15    [1.14,1.16]    1.11      1.11      0.51    1.11
                           0.71       2.72        2.42       2.42        2.36     1.15    [1.14,1.17]    1.13      1.13      0.55    1.12
                           0.72       2.91        2.55       2.55        2.49     1.16    [0.91,1.17]    1.14      1.14      0.58    1.13
                           0.73       3.10        2.69       2.69        3.34     0.93    [0.91,1.18]    1.15      1.15      0.62    1.14
                           0.74       3.32        2.84       2.84        3.34     0.99    [0.96,1.03]    1.17      1.17      0.67    1.16
                           0.75       3.55        3.00       3.00        3.34     1.06    [1.03,1.11]    1.18      1.18      0.71    1.18
                           0.76       3.80        3.17       3.17        3.34     1.14    [1.10,1.19]    1.20      1.20      0.76    1.20
                           0.77       4.07        4.07       4.07        3.44     1.18    [1.18,1.22]    1.00      1.00      0.82    1.21
                           0.78       4.31        4.24       4.24        3.51     1.23    [1.21,1.24]    1.02      1.02      0.87    1.21
                           0.79       4.56        4.41       4.41        3.68     1.24    [1.22,1.25]    1.03      1.03      0.92    1.21
                           0.80       4.85        4.59       4.59        3.91     1.24    [1.22,1.26]    1.06      1.06      0.98    1.22
                           0.81       5.16        4.78       4.78        4.14     1.25    [1.24,1.27]    1.08      1.08      1.00    1.24
                           0.82       5.49        4.98       4.98        4.34     1.27    [1.25,1.28]    1.10      1.10      1.00    1.26
                           0.83       5.84        5.18       5.18        4.54     1.29    [1.27,1.30]    1.13      1.13      1.00    1.28
                           0.84       6.24        5.39       5.39        4.74     1.31    [1.30,1.33]    1.16      1.16      1.01    1.30
                           0.85       6.68        5.61       5.61        5.02     1.33    [1.32,1.35]    1.19      1.19      1.02    1.30
                           0.86       7.27        5.84       5.84        5.36     1.36    [1.34,1.38]    1.24      1.24      1.05    1.32
                           0.87       7.97        6.08       6.08        5.72     1.39    [1.37,1.42]    1.31      1.31      1.08    1.36
                           0.88       8.84        6.33       6.33        6.18     1.43    [1.41,1.46]    1.40      1.40      1.13    1.42
                           0.89      10.16       12.51      10.13        7.54     1.35    [1.28,1.48]    1.00      0.81      1.21    1.48
                           0.90      13.57       13.51      12.44        8.34     1.63    [1.45,2.33]    1.09      1.00      1.42    1.74
                           0.91      19.06       14.59      13.85        8.72     2.19    [2.03,2.23]    1.38      1.31      1.74    2.17
                           0.92      20.75       15.76      15.43       14.60     1.42    [1.35,2.15]    1.34      1.32      1.75    1.98
                           0.93      24.04         nan      26.17       18.90     1.27    [1.18,1.47]    0.92         -      1.73    1.93
--------------------------------------------------------------------------------------------------------------------------------------

fidelity ceiling by method
         point         threshold    adaptive_count  fixed_count_mmpp     adaptive_mmpp           learned           optimal
       eta0.02            0.6393            0.6376            0.6376            0.6402            0.6400            0.6390
       eta0.05            0.7327            0.7285            0.7327            0.7327            0.7336            0.7336
       eta0.15            0.8246            0.8240            0.8292            0.8303            0.8294            0.8306
        eta0.4            0.8843            0.8833            0.8983            0.8990            0.8984            0.8994
          eta1            0.9339            0.9251            0.9404            0.9410            0.9392            0.9402

end-to-end speedup including per-shot overhead (F* = 0.85)
       eta0.02   0 us: n/a,  5 us: n/a,  20 us: n/a,  100 us: n/a
       eta0.05   0 us: n/a,  5 us: n/a,  20 us: n/a,  100 us: n/a
       eta0.15   0 us: n/a,  5 us: n/a,  20 us: n/a,  100 us: n/a
        eta0.4   0 us: 1.29x,  5 us: 1.22x,  20 us: 1.12x,  100 us: 1.04x
          eta1   0 us: 1.33x,  5 us: 1.17x,  20 us: 1.07x,  100 us: 1.02x
