
====================================================================================================
SWITCHING-RATE RATIO SWEEP AT FIXED GAMMA_TOT: run-time reduction at matched balanced fidelity
  Gamma_tot is held fixed, so blinks per window are constant and only the bright/dark asymmetry (p_bright = 1/(1+ratio)) varies.
  detector: non-paralyzable dead time 50 ns, afterpulse p = 0.01 with tau = 100 ns, filter rates corrected
  rate noise: no rate noise
  physics layer: nv_charge_readout_master_v1_4
====================================================================================================
         point  ph/dwell     F*  t_thr(us) t_count(us)  t_fcm(us)  T_mmpp(us)  sp_mmpp         95% CI  sp_fcm  sp_count  sp_learn  sp_opt
--------------------------------------------------------------------------------------------------------------------------------------
      ratio0.5      72.6   0.55       0.52        1.60       1.60        0.50     1.03    [1.01,1.07]    0.33      0.33      0.10    1.02
                           0.56       0.63        1.60       1.60        0.60     1.05    [1.03,1.07]    0.39      0.39      0.13    1.02
                           0.57       0.74        1.60       1.60        0.70     1.06    [1.04,1.07]    0.46      0.46      0.15    1.03
                           0.58       0.86        1.60       1.60        0.80     1.08    [1.06,1.11]    0.54      0.54      0.17    1.04
                           0.59       0.98        1.60       1.60        0.90     1.09    [1.07,1.11]    0.61      0.61      0.20    1.05
                           0.60       1.10        1.60       1.60        1.03     1.07    [1.06,1.09]    0.69      0.69      0.22    1.06
                           0.61       1.23        1.60       1.60        1.13     1.09    [1.08,1.10]    0.77      0.77      0.25    1.07
                           0.62       1.35        1.60       1.60        1.23     1.09    [1.08,1.11]    0.84      0.84      0.27    1.07
                           0.63       1.47        1.60       1.60        1.34     1.09    [1.08,1.11]    0.92      0.92      0.30    1.08
                           0.64       1.60        1.60       1.60        1.47     1.09    [1.00,1.10]    1.00      1.00      0.32    1.08
                           0.65       1.73        1.60       1.60        1.60     1.08    [1.04,1.09]    1.08      1.08      0.35    1.08
                           0.66       1.88        1.83       1.83        1.77     1.06    [1.04,1.10]    1.02      1.02      0.38    1.09
                           0.67       2.01        1.93       1.93        1.83     1.10    [1.08,1.11]    1.04      1.04      0.40    1.09
                           0.68       2.15        2.03       2.03        1.91     1.12    [1.11,1.13]    1.06      1.06      0.43    1.10
                           0.69       2.30        2.13       2.13        2.03     1.13    [1.12,1.15]    1.08      1.08      0.46    1.11
                           0.70       2.47        2.24       2.24        2.15     1.15    [1.14,1.16]    1.10      1.10      0.50    1.13
                           0.71       2.62        2.35       2.35        2.28     1.15    [1.14,1.16]    1.11      1.11      0.53    1.13
                           0.72       2.78        2.47       2.47        2.41     1.15    [1.14,1.16]    1.12      1.12      0.56    1.14
                           0.73       2.96        2.60       2.60        2.56     1.16    [1.15,1.17]    1.14      1.14      0.59    1.15
                           0.74       3.16        2.74       2.74        2.69     1.17    [1.16,1.18]    1.15      1.15      0.63    1.15
                           0.75       3.36        2.88       2.88        2.84     1.18    [1.05,1.19]    1.17      1.17      0.68    1.15
                           0.76       3.57        3.02       3.02        3.33     1.07    [1.05,1.19]    1.18      1.18      0.72    1.16
                           0.77       3.83        3.18       3.18        3.33     1.15    [1.11,1.20]    1.20      1.20      0.77    1.18
                           0.78       4.10        4.09       4.09        3.43     1.19    [1.15,1.22]    1.00      1.00      0.82    1.20
                           0.79       4.36        4.27       4.27        3.54     1.23    [1.14,1.25]    1.02      1.02      0.88    1.22
                           0.80       4.65        4.47       4.47        3.89     1.20    [1.16,1.25]    1.04      1.04      0.94    1.24
                           0.81       4.97        4.67       4.67        4.15     1.20    [1.17,1.26]    1.06      1.06      1.00    1.25
                           0.82       5.33        4.89       4.89        4.47     1.19    [1.17,1.27]    1.09      1.09      1.00    1.26
                           0.83       5.74        5.11       5.11        4.47     1.28    [1.24,1.31]    1.12      1.12      1.01    1.27
                           0.84       6.18        5.35       5.35        4.77     1.30    [1.23,1.33]    1.16      1.16      1.02    1.30
                           0.85       6.67        5.59       5.59        5.24     1.27    [1.24,1.30]    1.19      1.19      1.03    1.33
                           0.86       7.32        5.85       5.85        5.56     1.32    [1.26,1.39]    1.25      1.25      1.05    1.36
                           0.87       8.19        6.12       6.12        5.93     1.38    [1.35,1.43]    1.34      1.34      1.10    1.38
                           0.88       9.33        6.40       6.40        6.39     1.46    [1.36,1.48]    1.46      1.46      1.18    1.45
                           0.89      11.39       12.45      11.24        7.03     1.62    [1.44,1.99]    1.01      0.91      1.34    1.62
                           0.90      15.57       13.22      12.66        9.16     1.70    [1.28,2.03]    1.23      1.18      1.67    1.94
                           0.91      17.42       14.04      13.90       12.34     1.41    [1.36,1.49]    1.25      1.24      1.62    1.93
                           0.92      20.01       14.91      17.00       17.81     1.12    [1.09,1.59]    1.18      1.34      1.62    1.88
--------------------------------------------------------------------------------------------------------------------------------------
     ratio1.88      37.1   0.55       0.50        1.60       1.60        0.48     1.05    [1.02,1.07]    0.31      0.31      0.10    1.03
                           0.56       0.62        1.60       1.60        0.58     1.06    [1.04,1.08]    0.39      0.39      0.12    1.04
                           0.57       0.73        1.60       1.60        0.69     1.05    [1.04,1.06]    0.46      0.46      0.15    1.04
                           0.58       0.83        1.60       1.60        0.78     1.06    [1.04,1.08]    0.52      0.52      0.17    1.03
                           0.59       0.94        1.60       1.60        0.88     1.08    [1.05,1.09]    0.59      0.59      0.19    1.04
                           0.60       1.06        1.60       1.60        0.99     1.07    [1.06,1.09]    0.66      0.66      0.21    1.05
                           0.61       1.18        1.60       1.60        1.10     1.07    [1.06,1.08]    0.74      0.74      0.24    1.05
                           0.62       1.30        1.60       1.60        1.20     1.09    [1.07,1.10]    0.82      0.82      0.26    1.06
                           0.63       1.43        1.60       1.60        1.31     1.09    [1.08,1.10]    0.90      0.90      0.29    1.07
                           0.64       1.56        1.60       1.60        1.42     1.09    [1.00,1.10]    0.97      0.97      0.31    1.07
                           0.65       1.69        1.60       1.60        1.60     1.06    [1.02,1.09]    1.06      1.06      0.34    1.07
                           0.66       1.82        1.81       1.81        1.65     1.10    [1.05,1.11]    1.01      1.01      0.37    1.07
                           0.67       1.97        1.90       1.90        1.82     1.08    [1.06,1.11]    1.04      1.04      0.40    1.08
                           0.68       2.14        2.01       2.01        1.91     1.12    [1.11,1.14]    1.07      1.07      0.43    1.10
                           0.69       2.32        2.11       2.11        2.02     1.15    [1.13,1.16]    1.10      1.10      0.47    1.12
                           0.70       2.50        2.23       2.23        2.15     1.16    [1.15,1.18]    1.12      1.12      0.50    1.14
                           0.71       2.66        2.35       2.35        2.28     1.17    [1.15,1.18]    1.13      1.13      0.53    1.14
                           0.72       2.82        2.47       2.47        2.42     1.17    [1.16,1.18]    1.14      1.14      0.57    1.15
                           0.73       3.00        2.61       2.61        2.57     1.17    [1.16,1.18]    1.15      1.15      0.60    1.15
                           0.74       3.19        2.75       2.75        2.71     1.18    [1.17,1.19]    1.16      1.16      0.64    1.15
                           0.75       3.41        2.90       2.90        2.87     1.19    [1.05,1.20]    1.18      1.18      0.69    1.16
                           0.76       3.65        3.05       3.05        3.33     1.09    [1.06,1.20]    1.19      1.19      0.73    1.17
                           0.77       3.89        3.22       3.22        3.33     1.17    [1.13,1.20]    1.21      1.21      0.78    1.18
                           0.78       4.17        4.13       4.13        3.53     1.18    [1.16,1.22]    1.01      1.01      0.84    1.20
                           0.79       4.47        4.33       4.33        3.59     1.25    [1.14,1.25]    1.03      1.03      0.90    1.23
                           0.80       4.79        4.53       4.53        3.92     1.22    [1.18,1.26]    1.06      1.06      0.96    1.26
                           0.81       5.12        4.74       4.74        4.22     1.21    [1.19,1.28]    1.08      1.08      1.01    1.27
                           0.82       5.51        4.96       4.96        4.45     1.24    [1.20,1.28]    1.11      1.11      1.02    1.28
                           0.83       5.93        5.19       5.19        4.77     1.24    [1.23,1.31]    1.14      1.14      1.03    1.29
                           0.84       6.35        5.43       5.43        4.83     1.32    [1.27,1.33]    1.17      1.17      1.03    1.31
                           0.85       6.86        5.68       5.68        5.33     1.29    [1.25,1.31]    1.21      1.21      1.04    1.34
                           0.86       7.52        5.95       5.95        5.70     1.32    [1.26,1.38]    1.26      1.26      1.07    1.36
                           0.87       8.28        6.22       6.22        6.03     1.37    [1.34,1.42]    1.33      1.33      1.11    1.37
                           0.88       9.56       12.16       9.53        6.98     1.37    [1.35,1.48]    1.00      0.79      1.20    1.45
                           0.89      11.30       12.73      11.16        7.10     1.59    [1.43,1.96]    1.01      0.89      1.33    1.58
                           0.90      16.20       13.34      12.60        7.97     2.03    [1.60,2.06]    1.29      1.21      1.76    2.02
                           0.91      17.28       13.98      13.67       11.50     1.50    [1.48,1.68]    1.26      1.24      1.67    1.94
                           0.92      19.03       14.64      14.83       11.88     1.60    [1.53,1.66]    1.28      1.30      1.64    1.92
                           0.93      22.71         nan      29.94       16.85     1.35    [0.64,1.69]    0.76         -      1.69    1.91
--------------------------------------------------------------------------------------------------------------------------------------
     ratio7.07      27.6   0.55       0.51        1.60       1.60        0.49     1.04    [1.02,1.08]    0.32      0.32      0.10    1.02
                           0.56       0.62        1.60       1.60        0.59     1.05    [1.03,1.07]    0.39      0.39      0.12    1.03
                           0.57       0.72        1.60       1.60        0.69     1.05    [1.04,1.06]    0.45      0.45      0.15    1.04
                           0.58       0.83        1.60       1.60        0.78     1.07    [1.05,1.09]    0.52      0.52      0.17    1.04
                           0.59       0.94        1.60       1.60        0.88     1.07    [1.05,1.09]    0.59      0.59      0.19    1.05
                           0.60       1.05        1.60       1.60        0.99     1.06    [1.05,1.08]    0.66      0.66      0.21    1.05
                           0.61       1.18        1.60       1.60        1.10     1.07    [1.06,1.08]    0.74      0.74      0.24    1.06
                           0.62       1.29        1.60       1.60        1.19     1.08    [1.07,1.10]    0.81      0.81      0.26    1.06
                           0.63       1.42        1.60       1.60        1.30     1.09    [1.08,1.10]    0.89      0.89      0.28    1.07
                           0.64       1.55        1.60       1.60        1.42     1.09    [1.01,1.10]    0.97      0.97      0.31    1.07
                           0.65       1.68        1.60       1.60        1.60     1.05    [1.02,1.09]    1.05      1.05      0.34    1.07
                           0.66       1.82        1.80       1.80        1.67     1.09    [1.04,1.10]    1.01      1.01      0.37    1.08
                           0.67       1.97        1.89       1.89        1.81     1.09    [1.06,1.11]    1.04      1.04      0.40    1.08
                           0.68       2.11        2.00       2.00        1.88     1.12    [1.10,1.13]    1.06      1.06      0.42    1.09
                           0.69       2.26        2.10       2.10        2.00     1.13    [1.12,1.14]    1.08      1.08      0.45    1.10
                           0.70       2.43        2.22       2.22        2.13     1.14    [1.13,1.15]    1.10      1.10      0.49    1.11
                           0.71       2.60        2.34       2.34        2.27     1.15    [1.13,1.16]    1.11      1.11      0.52    1.12
                           0.72       2.78        2.46       2.46        2.41     1.15    [1.14,1.17]    1.13      1.13      0.56    1.14
                           0.73       2.98        2.59       2.59        2.56     1.16    [1.15,1.17]    1.15      1.15      0.60    1.15
                           0.74       3.20        2.73       2.73        2.73     1.17    [1.16,1.18]    1.17      1.17      0.64    1.16
                           0.75       3.42        2.88       2.88        2.88     1.19    [1.06,1.20]    1.19      1.19      0.69    1.17
                           0.76       3.65        3.04       3.04        3.33     1.10    [1.07,1.20]    1.20      1.20      0.73    1.18
                           0.77       3.88        3.20       3.20        3.33     1.17    [1.13,1.21]    1.21      1.21      0.78    1.19
                           0.78       4.14        4.11       4.11        3.50     1.18    [1.17,1.22]    1.01      1.01      0.83    1.20
                           0.79       4.41        4.30       4.30        3.58     1.23    [1.14,1.24]    1.02      1.03      0.89    1.22
                           0.80       4.70        4.49       4.50        3.92     1.20    [1.15,1.24]    1.04      1.05      0.94    1.24
                           0.81       5.00        4.69       4.70        4.10     1.22    [1.21,1.27]    1.06      1.07      1.00    1.25
                           0.82       5.35        4.90       4.91        4.41     1.21    [1.19,1.24]    1.09      1.09      1.00    1.26
                           0.83       5.75        5.12       5.14        4.54     1.27    [1.22,1.30]    1.12      1.12      1.01    1.28
                           0.84       6.15        5.35       5.37        4.80     1.28    [1.25,1.32]    1.15      1.15      1.02    1.30
                           0.85       6.57        5.58       5.61        4.94     1.33    [1.26,1.34]    1.17      1.18      1.02    1.32
                           0.86       7.10        5.83       5.87        5.64     1.26    [1.24,1.31]    1.21      1.22      1.04    1.35
                           0.87       7.79        6.09       6.13        5.73     1.36    [1.29,1.42]    1.27      1.28      1.07    1.37
                           0.88       8.82        6.36       6.41        6.22     1.42    [1.35,1.45]    1.37      1.39      1.14    1.41
                           0.89      10.21       12.55      10.82        7.16     1.43    [1.34,1.57]    0.94      0.81      1.24    1.50
                           0.90      14.44       13.14      12.55        8.10     1.78    [1.47,1.98]    1.15      1.10      1.63    1.93
                           0.91      16.53       13.77      13.37       10.20     1.62    [1.53,2.01]    1.24      1.20      1.67    1.95
                           0.92      17.73       14.42      14.24       11.45     1.55    [1.51,1.62]    1.25      1.23      1.61    1.87
                           0.93      20.11       15.10      15.16       12.03     1.67    [1.43,1.72]    1.33      1.33      1.63    1.82
--------------------------------------------------------------------------------------------------------------------------------------
     ratio26.6      25.1   0.55       0.50        1.60       1.60        0.47     1.07    [1.04,1.09]    0.32      0.32      0.10    1.04
                           0.56       0.60        1.60       1.60        0.56     1.06    [1.04,1.08]    0.38      0.38      0.12    1.03
                           0.57       0.70        1.60       1.60        0.67     1.05    [1.04,1.06]    0.44      0.44      0.14    1.04
                           0.58       0.81        1.60       1.60        0.75     1.07    [1.05,1.09]    0.51      0.51      0.16    1.04
                           0.59       0.91        1.60       1.60        0.85     1.07    [1.05,1.09]    0.57      0.57      0.18    1.04
                           0.60       1.03        1.60       1.60        0.95     1.08    [1.06,1.09]    0.64      0.64      0.21    1.05
                           0.61       1.14        1.60       1.60        1.07     1.07    [1.06,1.08]    0.71      0.71      0.23    1.05
                           0.62       1.26        1.60       1.60        1.16     1.09    [1.07,1.10]    0.79      0.79      0.25    1.07
                           0.63       1.38        1.60       1.60        1.27     1.09    [1.08,1.11]    0.87      0.87      0.28    1.08
                           0.64       1.50        1.60       1.60        1.38     1.09    [1.08,1.10]    0.94      0.94      0.30    1.08
                           0.65       1.64        1.60       1.60        1.60     1.03    [1.01,1.10]    1.03      1.03      0.33    1.08
                           0.66       1.78        1.77       1.78        1.66     1.08    [1.05,1.10]    1.00      1.00      0.36    1.09
                           0.67       1.92        1.87       1.88        1.79     1.07    [1.06,1.10]    1.02      1.03      0.39    1.09
                           0.68       2.08        1.97       1.97        1.87     1.11    [1.09,1.13]    1.05      1.06      0.42    1.10
                           0.69       2.24        2.07       2.08        1.98     1.13    [1.12,1.14]    1.08      1.08      0.45    1.11
                           0.70       2.40        2.18       2.18        2.10     1.15    [1.13,1.16]    1.10      1.10      0.48    1.13
                           0.71       2.56        2.29       2.30        2.23     1.15    [1.14,1.16]    1.12      1.12      0.52    1.13
                           0.72       2.72        2.41       2.42        2.36     1.15    [1.14,1.16]    1.13      1.13      0.55    1.14
                           0.73       2.90        2.54       2.54        2.50     1.16    [1.15,1.17]    1.14      1.14      0.58    1.15
                           0.74       3.10        2.67       2.68        2.66     1.17    [1.16,1.18]    1.16      1.16      0.62    1.16
                           0.75       3.31        2.81       2.81        2.81     1.18    [1.17,1.19]    1.17      1.18      0.66    1.16
                           0.76       3.52        2.96       2.96        2.95     1.19    [1.06,1.20]    1.19      1.19      0.71    1.17
                           0.77       3.75        3.11       3.11        3.33     1.12    [1.09,1.17]    1.20      1.20      0.75    1.18
                           0.78       3.99        3.28       3.28        3.33     1.20    [1.16,1.22]    1.22      1.22      0.80    1.19
                           0.79       4.24        4.19       4.19        3.52     1.20    [1.19,1.23]    1.01      1.01      0.85    1.21
                           0.80       4.49        4.37       4.37        3.88     1.16    [1.15,1.25]    1.03      1.03      0.90    1.22
                           0.81       4.79        4.56       4.56        3.92     1.22    [1.18,1.25]    1.05      1.05      0.96    1.25
                           0.82       5.12        4.76       4.76        4.19     1.22    [1.21,1.24]    1.07      1.07      1.00    1.25
                           0.83       5.49        4.97       4.97        4.49     1.22    [1.20,1.26]    1.10      1.10      1.01    1.26
                           0.84       5.89        5.19       5.19        4.55     1.29    [1.26,1.31]    1.13      1.13      1.02    1.27
                           0.85       6.37        5.42       5.42        4.83     1.32    [1.27,1.33]    1.18      1.18      1.04    1.30
                           0.86       6.90        5.66       5.66        5.30     1.30    [1.25,1.33]    1.22      1.22      1.06    1.34
                           0.87       7.50        5.90       5.90        5.68     1.32    [1.29,1.36]    1.27      1.27      1.08    1.36
                           0.88       8.28        6.16       6.16        6.04     1.37    [1.35,1.41]    1.34      1.34      1.13    1.38
                           0.89       9.14        6.43       6.43        6.51     1.40    [1.33,1.44]    1.42      1.42      1.17    1.41
                           0.90      10.68       12.76      11.26        7.17     1.49    [1.38,1.62]    0.95      0.84      1.28    1.53
                           0.91      15.86       13.38      12.85        8.22     1.93    [1.48,2.00]    1.23      1.19      1.72    2.06
                           0.92      17.22       14.02      13.64       10.30     1.67    [1.54,1.99]    1.26      1.23      1.67    1.97
                           0.93      19.02       14.69      14.49       11.34     1.68    [1.61,1.72]    1.31      1.29      1.66    1.94
                           0.94      21.84       15.40      15.38       13.94     1.57    [1.53,1.78]    1.42      1.42      1.61    1.88
--------------------------------------------------------------------------------------------------------------------------------------
      ratio100      24.4   0.55       0.46        1.60       1.60        0.45     1.03    [1.02,1.07]    0.29      0.29      0.09    1.01
                           0.56       0.57        1.60       1.60        0.54     1.05    [1.03,1.07]    0.35      0.35      0.11    1.02
                           0.57       0.67        1.60       1.60        0.65     1.04    [1.03,1.06]    0.42      0.42      0.14    1.03
                           0.58       0.79        1.60       1.60        0.75     1.06    [1.04,1.09]    0.50      0.50      0.16    1.04
                           0.59       0.92        1.60       1.60        0.85     1.08    [1.06,1.10]    0.58      0.58      0.18    1.06
                           0.60       1.04        1.60       1.60        0.98     1.07    [1.06,1.09]    0.65      0.65      0.21    1.06
                           0.61       1.19        1.60       1.60        1.10     1.09    [1.07,1.10]    0.75      0.75      0.24    1.08
                           0.62       1.31        1.60       1.60        1.20     1.09    [1.08,1.11]    0.82      0.82      0.26    1.08
                           0.63       1.44        1.60       1.60        1.32     1.09    [1.08,1.10]    0.90      0.90      0.29    1.08
                           0.64       1.57        1.60       1.60        1.45     1.09    [1.00,1.10]    0.98      0.98      0.32    1.08
                           0.65       1.72        1.60       1.60        1.60     1.08    [1.03,1.09]    1.08      1.08      0.35    1.09
                           0.66       1.85        1.83       1.83        1.76     1.05    [1.05,1.10]    1.02      1.02      0.37    1.09
                           0.67       2.00        1.92       1.92        1.83     1.09    [1.07,1.12]    1.04      1.04      0.40    1.10
                           0.68       2.17        2.03       2.03        1.92     1.13    [1.12,1.14]    1.07      1.07      0.44    1.11
                           0.69       2.33        2.13       2.13        2.03     1.14    [1.13,1.16]    1.09      1.09      0.47    1.12
                           0.70       2.49        2.25       2.25        2.16     1.16    [1.14,1.17]    1.11      1.11      0.50    1.13
                           0.71       2.64        2.37       2.37        2.29     1.15    [1.14,1.17]    1.12      1.12      0.53    1.14
                           0.72       2.80        2.49       2.49        2.42     1.15    [1.14,1.16]    1.12      1.12      0.56    1.14
                           0.73       2.99        2.63       2.63        2.57     1.16    [1.16,1.17]    1.14      1.14      0.60    1.15
                           0.74       3.20        2.77       2.77        2.73     1.17    [1.17,1.18]    1.16      1.16      0.64    1.16
                           0.75       3.45        2.91       2.91        2.91     1.19    [1.05,1.19]    1.18      1.18      0.69    1.18
                           0.76       3.69        3.07       3.07        3.34     1.10    [1.07,1.14]    1.20      1.20      0.74    1.19
                           0.77       3.92        3.23       3.23        3.34     1.17    [1.13,1.20]    1.21      1.21      0.79    1.20
                           0.78       4.15        4.13       4.13        3.50     1.19    [1.17,1.22]    1.01      1.01      0.83    1.21
                           0.79       4.39        4.30       4.30        3.58     1.22    [1.15,1.23]    1.02      1.02      0.88    1.22
                           0.80       4.64        4.49       4.49        3.91     1.19    [1.16,1.23]    1.04      1.04      0.93    1.23
                           0.81       4.94        4.67       4.67        3.95     1.25    [1.21,1.26]    1.06      1.06      0.99    1.25
                           0.82       5.26        4.87       4.87        4.31     1.22    [1.18,1.23]    1.08      1.08      1.00    1.25
                           0.83       5.61        5.07       5.07        4.53     1.24    [1.20,1.27]    1.10      1.10      1.01    1.26
                           0.84       5.99        5.29       5.29        4.71     1.27    [1.26,1.31]    1.13      1.13      1.01    1.27
                           0.85       6.42        5.51       5.51        4.86     1.32    [1.27,1.34]    1.17      1.17      1.03    1.29
                           0.86       6.93        5.74       5.74        5.32     1.30    [1.24,1.32]    1.21      1.21      1.04    1.33
                           0.87       7.53        5.98       5.98        5.72     1.32    [1.28,1.37]    1.26      1.26      1.07    1.35
                           0.88       8.39        6.23       6.23        6.08     1.38    [1.34,1.41]    1.35      1.35      1.12    1.38
                           0.89       9.34        6.50       6.50        6.53     1.43    [1.33,1.45]    1.44      1.44      1.18    1.42
                           0.90      10.57       12.88      11.23        7.15     1.48    [1.38,1.53]    0.94      0.82      1.24    1.49
                           0.91      15.93       13.48      12.79        8.21     1.94    [1.44,1.98]    1.25      1.18      1.69    2.03
                           0.92      17.20       14.11      13.60       10.27     1.67    [1.55,1.95]    1.26      1.22      1.66    1.94
                           0.93      18.93       14.77      14.48       11.34     1.67    [1.60,1.72]    1.31      1.28      1.66    1.91
                           0.94      21.74       15.46      15.40       13.34     1.63    [1.53,1.75]    1.41      1.41      1.61    1.84
--------------------------------------------------------------------------------------------------------------------------------------

fidelity ceiling by method
         point         threshold    adaptive_count  fixed_count_mmpp     adaptive_mmpp           learned           optimal
      ratio0.5            0.9211            0.9206            0.9308            0.9333            0.9325            0.9333
     ratio1.88            0.9326            0.9291            0.9332            0.9372            0.9367            0.9371
     ratio7.07            0.9398            0.9348            0.9456            0.9458            0.9453            0.9457
     ratio26.6            0.9463            0.9422            0.9537            0.9548            0.9539            0.9549
      ratio100            0.9467            0.9439            0.9551            0.9555            0.9543            0.9556

end-to-end speedup including per-shot overhead (F* = 0.85)
      ratio0.5   0 us: 1.27x,  5 us: 1.14x,  20 us: 1.06x,  100 us: 1.01x
     ratio1.88   0 us: 1.29x,  5 us: 1.15x,  20 us: 1.06x,  100 us: 1.01x
     ratio7.07   0 us: 1.33x,  5 us: 1.16x,  20 us: 1.07x,  100 us: 1.02x
     ratio26.6   0 us: 1.32x,  5 us: 1.16x,  20 us: 1.06x,  100 us: 1.01x
      ratio100   0 us: 1.32x,  5 us: 1.16x,  20 us: 1.06x,  100 us: 1.01x
