
====================================================================================================
SWITCHING-RATE RATIO SWEEP AT FIXED GAMMA_TOT: run-time reduction at matched balanced fidelity
  Gamma_tot is held fixed, so blinks per window are constant and only the bright/dark asymmetry (p_bright = 1/(1+ratio)) varies.
  detector: non-paralyzable dead time 2000 ns, afterpulse p = 0.05 with tau = 5000 ns, filter rates corrected
  rate noise: no rate noise
  physics layer: nv_charge_readout_master_v1_4
====================================================================================================
         point  ph/dwell     F*  t_thr(us) t_count(us)  t_fcm(us)  T_mmpp(us)  sp_mmpp         95% CI  sp_fcm  sp_count  sp_learn  sp_opt
--------------------------------------------------------------------------------------------------------------------------------------
      ratio0.5      72.6   0.55       0.49        1.59       1.59        0.45     1.08    [1.05,1.11]    0.31      0.31      0.10    1.04
                           0.56       0.59        1.59       1.59        0.56     1.05    [1.03,1.07]    0.37      0.37      0.12    1.04
                           0.57       0.70        1.59       1.59        0.66     1.07    [1.05,1.09]    0.44      0.44      0.14    1.06
                           0.58       0.79        1.59       1.59        0.74     1.07    [1.06,1.09]    0.50      0.50      0.16    1.05
                           0.59       0.89        1.59       1.59        0.83     1.07    [1.06,1.09]    0.56      0.56      0.18    1.05
                           0.60       1.00        1.59       1.59        0.94     1.07    [1.06,1.08]    0.63      0.63      0.20    1.04
                           0.61       1.14        1.59       1.59        1.03     1.10    [1.08,1.13]    0.72      0.72      0.23    1.06
                           0.62       1.26        1.59       1.59        1.14     1.11    [1.10,1.13]    0.80      0.80      0.25    1.07
                           0.63       1.39        1.59       1.59        1.25     1.11    [1.10,1.13]    0.88      0.88      0.28    1.07
                           0.64       1.52        1.59       1.59        1.38     1.10    [1.09,1.12]    0.96      0.96      0.31    1.08
                           0.65       1.66        1.59       1.59        1.59     1.04    [1.02,1.11]    1.04      1.04      0.33    1.09
                           0.66       1.79        1.78       1.78        1.77     1.01    [1.00,1.11]    1.01      1.01      0.36    1.10
                           0.67       1.93        1.87       1.88        1.84     1.05    [1.03,1.07]    1.03      1.03      0.39    1.09
                           0.68       2.09        1.97       1.98        1.91     1.09    [1.07,1.12]    1.06      1.06      0.42    1.09
                           0.69       2.25        2.08       2.08        1.98     1.13    [1.11,1.14]    1.08      1.08      0.45    1.10
                           0.70       2.40        2.19       2.20        2.10     1.14    [1.13,1.15]    1.09      1.10      0.48    1.10
                           0.71       2.57        2.31       2.32        2.24     1.14    [1.14,1.15]    1.11      1.11      0.52    1.11
                           0.72       2.75        2.43       2.44        2.38     1.15    [1.15,1.16]    1.13      1.13      0.55    1.12
                           0.73       2.94        2.56       2.58        2.53     1.16    [0.89,1.17]    1.14      1.15      0.59    1.13
                           0.74       3.13        2.70       2.72        3.31     0.95    [0.91,0.98]    1.15      1.16      0.63    1.15
                           0.75       3.35        2.84       2.86        3.31     1.01    [0.98,1.05]    1.17      1.18      0.67    1.17
                           0.76       3.59        2.99       3.02        3.31     1.08    [1.04,1.12]    1.19      1.20      0.72    1.19
                           0.77       3.82        3.15       3.18        3.31     1.16    [1.12,1.19]    1.20      1.21      0.77    1.20
                           0.78       4.08        4.08       4.12        3.39     1.20    [1.19,1.23]    0.99      1.00      0.82    1.20
                           0.79       4.38        4.27       4.31        3.55     1.23    [1.22,1.25]    1.02      1.03      0.88    1.21
                           0.80       4.69        4.46       4.50        3.88     1.21    [1.20,1.27]    1.04      1.05      0.94    1.23
                           0.81       5.00        4.66       4.70        3.92     1.27    [1.23,1.29]    1.06      1.07      1.00    1.24
                           0.82       5.34        4.87       4.91        4.23     1.26    [1.25,1.28]    1.09      1.10      1.01    1.26
                           0.83       5.72        5.09       5.14        4.44     1.29    [1.27,1.31]    1.11      1.12      1.01    1.28
                           0.84       6.19        5.32       5.37        4.66     1.33    [1.31,1.35]    1.15      1.16      1.03    1.32
                           0.85       6.73        5.56       5.61        4.93     1.37    [1.35,1.38]    1.20      1.21      1.05    1.33
                           0.86       7.31        5.82       5.86        5.26     1.39    [1.37,1.41]    1.25      1.26      1.07    1.34
                           0.87       8.04        6.08       6.13        5.68     1.42    [1.39,1.43]    1.31      1.32      1.10    1.37
                           0.88       9.12        6.35       6.40        6.30     1.45    [1.33,1.48]    1.42      1.44      1.17    1.44
                           0.89      10.63       12.70      11.38        7.31     1.45    [1.36,1.61]    0.93      0.84      1.25    1.47
                           0.90      18.28       13.93      13.73        8.73     2.09    [1.94,2.17]    1.33      1.31      1.87    2.25
                           0.91      20.07       15.28      16.80       10.43     1.92    [1.29,2.20]    1.19      1.31      1.79    2.00
--------------------------------------------------------------------------------------------------------------------------------------
     ratio1.88      37.1   0.55       0.51        1.60       1.60        0.47     1.10    [1.06,1.13]    0.32      0.32      0.10    1.06
                           0.56       0.62        1.60       1.60        0.60     1.04    [1.03,1.07]    0.39      0.39      0.12    1.07
                           0.57       0.71        1.60       1.60        0.69     1.03    [1.01,1.05]    0.44      0.44      0.14    1.04
                           0.58       0.80        1.60       1.60        0.78     1.03    [1.01,1.05]    0.50      0.50      0.16    1.03
                           0.59       0.93        1.60       1.60        0.88     1.05    [1.03,1.06]    0.58      0.58      0.19    1.04
                           0.60       1.05        1.60       1.60        0.98     1.07    [1.05,1.08]    0.66      0.66      0.21    1.05
                           0.61       1.16        1.60       1.60        1.08     1.08    [1.06,1.10]    0.73      0.73      0.23    1.04
                           0.62       1.31        1.60       1.60        1.18     1.11    [1.08,1.13]    0.82      0.82      0.26    1.07
                           0.63       1.43        1.60       1.60        1.30     1.11    [1.09,1.12]    0.90      0.90      0.29    1.07
                           0.64       1.56        1.60       1.60        1.42     1.10    [1.01,1.11]    0.98      0.98      0.31    1.08
                           0.65       1.69        1.60       1.60        1.60     1.06    [1.01,1.10]    1.06      1.06      0.34    1.08
                           0.66       1.86        1.81       1.81        1.80     1.04    [1.01,1.06]    1.03      1.03      0.37    1.10
                           0.67       2.02        1.90       1.90        1.88     1.07    [1.05,1.09]    1.06      1.06      0.41    1.11
                           0.68       2.17        2.01       2.01        1.96     1.11    [1.09,1.12]    1.08      1.08      0.44    1.11
                           0.69       2.32        2.11       2.11        2.06     1.13    [1.12,1.14]    1.10      1.10      0.47    1.10
                           0.70       2.48        2.23       2.23        2.17     1.14    [1.13,1.15]    1.11      1.11      0.50    1.11
                           0.71       2.64        2.35       2.35        2.29     1.15    [1.14,1.16]    1.13      1.13      0.53    1.11
                           0.72       2.82        2.47       2.47        2.44     1.16    [1.15,1.17]    1.14      1.14      0.57    1.12
                           0.73       3.02        2.60       2.60        3.33     0.91    [0.90,1.17]    1.16      1.16      0.61    1.14
                           0.74       3.22        2.74       2.74        3.33     0.97    [0.93,1.00]    1.17      1.17      0.65    1.15
                           0.75       3.42        2.89       2.89        3.33     1.03    [0.99,1.07]    1.18      1.18      0.69    1.17
                           0.76       3.65        3.05       3.05        3.33     1.10    [1.05,1.14]    1.20      1.20      0.73    1.19
                           0.77       3.90        3.21       3.21        3.33     1.17    [1.13,1.21]    1.21      1.21      0.78    1.20
                           0.78       4.15        4.12       4.12        3.48     1.19    [1.17,1.23]    1.01      1.01      0.83    1.20
                           0.79       4.41        4.31       4.31        3.56     1.24    [1.22,1.25]    1.03      1.03      0.89    1.21
                           0.80       4.71        4.49       4.50        3.87     1.22    [1.21,1.26]    1.05      1.05      0.95    1.22
                           0.81       5.05        4.69       4.69        4.09     1.23    [1.23,1.27]    1.08      1.08      1.00    1.25
                           0.82       5.39        4.90       4.90        4.28     1.26    [1.24,1.27]    1.10      1.10      1.00    1.27
                           0.83       5.73        5.11       5.12        4.48     1.28    [1.26,1.30]    1.12      1.12      1.00    1.29
                           0.84       6.16        5.34       5.34        4.69     1.32    [1.29,1.34]    1.15      1.15      1.02    1.32
                           0.85       6.68        5.57       5.58        4.95     1.35    [1.33,1.36]    1.20      1.20      1.04    1.33
                           0.86       7.24        5.82       5.82        5.30     1.37    [1.35,1.38]    1.24      1.25      1.06    1.33
                           0.87       7.96        6.07       6.08        5.70     1.40    [1.37,1.42]    1.31      1.31      1.09    1.36
                           0.88       8.90        6.34       6.35        6.31     1.41    [1.33,1.45]    1.40      1.40      1.15    1.42
                           0.89      10.46       12.64      10.91        7.37     1.42    [1.30,1.62]    0.96      0.83      1.25    1.46
                           0.90      18.56       13.90      13.00        8.67     2.14    [1.57,2.31]    1.43      1.34      1.87    2.26
                           0.91      20.13       15.29      14.82        9.45     2.13    [1.31,2.23]    1.36      1.32      1.74    2.03
                           0.92      24.31         nan      24.92       22.01     1.10    [1.02,1.46]    0.98         -      1.65    1.98
--------------------------------------------------------------------------------------------------------------------------------------
     ratio7.07      27.6   0.55       0.50        1.60       1.60        0.46     1.08    [1.05,1.11]    0.31      0.31      0.10    1.02
                           0.56       0.61        1.60       1.60        0.58     1.05    [1.04,1.07]    0.38      0.38      0.12    1.03
                           0.57       0.72        1.60       1.60        0.68     1.06    [1.04,1.08]    0.45      0.45      0.14    1.03
                           0.58       0.83        1.60       1.60        0.77     1.07    [1.05,1.08]    0.52      0.52      0.17    1.03
                           0.59       0.93        1.60       1.60        0.88     1.05    [1.04,1.07]    0.58      0.58      0.19    1.02
                           0.60       1.06        1.60       1.60        0.99     1.08    [1.06,1.10]    0.67      0.67      0.21    1.05
                           0.61       1.19        1.60       1.60        1.08     1.10    [1.08,1.12]    0.75      0.75      0.24    1.06
                           0.62       1.32        1.60       1.60        1.19     1.11    [1.09,1.13]    0.83      0.83      0.27    1.07
                           0.63       1.45        1.60       1.60        1.31     1.11    [1.09,1.12]    0.91      0.91      0.29    1.08
                           0.64       1.58        1.60       1.60        1.44     1.09    [1.01,1.11]    0.99      0.99      0.32    1.08
                           0.65       1.70        1.60       1.60        1.60     1.07    [1.00,1.09]    1.07      1.07      0.34    1.08
                           0.66       1.84        1.81       1.81        1.80     1.03    [1.01,1.05]    1.02      1.02      0.37    1.09
                           0.67       1.99        1.91       1.91        1.87     1.06    [1.04,1.09]    1.04      1.04      0.40    1.10
                           0.68       2.15        2.02       2.02        1.95     1.10    [1.08,1.12]    1.07      1.07      0.43    1.10
                           0.69       2.31        2.13       2.13        2.04     1.13    [1.12,1.14]    1.09      1.09      0.46    1.10
                           0.70       2.48        2.24       2.24        2.17     1.14    [1.13,1.15]    1.10      1.10      0.50    1.10
                           0.71       2.65        2.37       2.37        2.31     1.15    [1.14,1.16]    1.12      1.12      0.53    1.11
                           0.72       2.85        2.50       2.50        2.46     1.16    [1.14,1.17]    1.14      1.14      0.57    1.12
                           0.73       3.05        2.64       2.64        3.34     0.91    [0.90,1.17]    1.16      1.16      0.61    1.14
                           0.74       3.27        2.78       2.78        3.34     0.98    [0.94,1.02]    1.18      1.18      0.66    1.16
                           0.75       3.51        2.94       2.94        3.34     1.05    [1.01,1.09]    1.19      1.19      0.71    1.18
                           0.76       3.75        3.10       3.10        3.34     1.12    [1.08,1.16]    1.21      1.21      0.75    1.20
                           0.77       4.00        3.27       3.27        3.34     1.20    [1.15,1.22]    1.22      1.22      0.80    1.20
                           0.78       4.23        4.18       4.18        3.48     1.21    [1.20,1.23]    1.01      1.01      0.85    1.20
                           0.79       4.47        4.36       4.36        3.61     1.24    [1.23,1.25]    1.02      1.02      0.90    1.20
                           0.80       4.75        4.55       4.55        3.85     1.23    [1.22,1.26]    1.04      1.04      0.95    1.21
                           0.81       5.06        4.75       4.75        3.98     1.27    [1.25,1.28]    1.07      1.07      1.00    1.22
                           0.82       5.42        4.96       4.96        4.27     1.27    [1.25,1.29]    1.09      1.09      1.01    1.25
                           0.83       5.82        5.17       5.17        4.50     1.29    [1.28,1.31]    1.12      1.12      1.02    1.28
                           0.84       6.26        5.40       5.40        4.74     1.32    [1.30,1.34]    1.16      1.16      1.03    1.31
                           0.85       6.75        5.63       5.63        5.03     1.34    [1.33,1.36]    1.20      1.20      1.05    1.30
                           0.86       7.32        5.88       5.88        5.37     1.37    [1.35,1.38]    1.25      1.25      1.07    1.31
                           0.87       8.00        6.13       6.13        5.77     1.39    [1.37,1.40]    1.30      1.30      1.10    1.34
                           0.88       8.91        6.40       6.40        6.29     1.42    [1.27,1.45]    1.39      1.39      1.15    1.40
                           0.89      10.26       12.88      10.45        7.63     1.35    [1.27,1.46]    0.98      0.80      1.23    1.45
                           0.90      17.84       14.07      12.46        8.75     2.04    [1.39,2.16]    1.43      1.27      1.88    2.23
                           0.91      19.95       15.35      14.28        8.76     2.28    [2.01,2.35]    1.40      1.30      1.85    2.20
                           0.92      22.57         nan      16.38       18.81     1.20    [1.17,2.09]    1.38         -      1.84    2.05
--------------------------------------------------------------------------------------------------------------------------------------
     ratio26.6      25.1   0.55       0.48        1.59       1.59        0.42     1.14    [1.09,1.18]    0.30      0.30      0.10    1.06
                           0.56       0.58        1.59       1.59        0.54     1.09    [1.05,1.12]    0.37      0.37      0.12    1.04
                           0.57       0.69        1.59       1.59        0.65     1.05    [1.04,1.07]    0.43      0.43      0.14    1.04
                           0.58       0.80        1.59       1.59        0.75     1.07    [1.05,1.08]    0.50      0.50      0.16    1.04
                           0.59       0.92        1.59       1.59        0.86     1.06    [1.05,1.08]    0.58      0.58      0.18    1.05
                           0.60       1.05        1.59       1.59        0.97     1.08    [1.06,1.09]    0.66      0.66      0.21    1.07
                           0.61       1.16        1.59       1.59        1.06     1.09    [1.07,1.11]    0.73      0.73      0.23    1.06
                           0.62       1.28        1.59       1.59        1.16     1.10    [1.08,1.12]    0.80      0.80      0.26    1.06
                           0.63       1.40        1.59       1.59        1.27     1.10    [1.09,1.12]    0.88      0.88      0.28    1.07
                           0.64       1.53        1.59       1.59        1.39     1.10    [1.08,1.11]    0.96      0.96      0.31    1.08
                           0.65       1.66        1.59       1.59        1.59     1.04    [1.02,1.10]    1.04      1.04      0.33    1.09
                           0.66       1.79        1.78       1.78        1.77     1.01    [1.00,1.10]    1.01      1.01      0.36    1.09
                           0.67       1.93        1.88       1.88        1.85     1.04    [1.02,1.07]    1.03      1.03      0.39    1.08
                           0.68       2.09        1.98       1.98        1.92     1.09    [1.06,1.11]    1.05      1.05      0.42    1.09
                           0.69       2.26        2.09       2.09        2.00     1.13    [1.10,1.14]    1.08      1.08      0.45    1.10
                           0.70       2.44        2.20       2.20        2.13     1.15    [1.14,1.16]    1.11      1.11      0.49    1.11
                           0.71       2.61        2.33       2.33        2.27     1.15    [1.14,1.16]    1.12      1.12      0.52    1.11
                           0.72       2.78        2.45       2.45        2.40     1.16    [1.15,1.17]    1.13      1.13      0.56    1.12
                           0.73       2.97        2.59       2.59        2.54     1.17    [0.90,1.18]    1.15      1.15      0.60    1.13
                           0.74       3.17        2.73       2.73        3.33     0.95    [0.92,0.99]    1.16      1.16      0.64    1.15
                           0.75       3.39        2.88       2.88        3.33     1.02    [0.99,1.06]    1.18      1.18      0.68    1.17
                           0.76       3.62        3.04       3.04        3.33     1.09    [1.05,1.13]    1.19      1.19      0.73    1.19
                           0.77       3.87        3.20       3.20        3.33     1.16    [1.12,1.20]    1.21      1.21      0.78    1.19
                           0.78       4.14        4.11       4.11        3.44     1.20    [1.19,1.23]    1.01      1.01      0.83    1.20
                           0.79       4.42        4.29       4.29        3.57     1.24    [1.22,1.25]    1.03      1.03      0.89    1.21
                           0.80       4.70        4.47       4.47        3.82     1.23    [1.22,1.25]    1.05      1.05      0.94    1.22
                           0.81       4.96        4.66       4.66        3.94     1.26    [1.24,1.27]    1.06      1.06      1.00    1.22
                           0.82       5.25        4.86       4.86        4.18     1.25    [1.24,1.27]    1.08      1.08      1.00    1.24
                           0.83       5.64        5.07       5.07        4.39     1.28    [1.26,1.30]    1.11      1.11      1.01    1.27
                           0.84       6.04        5.29       5.29        4.61     1.31    [1.29,1.33]    1.14      1.14      1.02    1.30
                           0.85       6.47        5.51       5.51        4.83     1.34    [1.32,1.35]    1.17      1.17      1.03    1.32
                           0.86       7.06        5.75       5.75        5.18     1.36    [1.33,1.38]    1.23      1.23      1.06    1.33
                           0.87       7.78        6.00       6.00        6.10     1.27    [1.26,1.41]    1.30      1.30      1.10    1.36
                           0.88       8.57        6.25       6.25        6.11     1.40    [1.35,1.44]    1.37      1.37      1.14    1.40
                           0.89       9.40       12.34       9.49        6.54     1.44    [1.27,1.45]    0.99      0.76      1.18    1.41
                           0.90      11.45       13.36      11.64        7.58     1.51    [1.35,2.29]    0.98      0.86      1.28    1.50
                           0.91      18.76       14.46      13.38        8.69     2.16    [2.04,2.25]    1.40      1.30      1.81    2.19
                           0.92      20.52       15.66      15.00       10.51     1.95    [1.38,2.20]    1.37      1.31      1.76    2.02
                           0.93      23.61         nan      25.82       18.07     1.31    [1.26,1.47]    0.91         -      1.67    1.99
--------------------------------------------------------------------------------------------------------------------------------------
      ratio100      24.4   0.55       0.47        1.59       1.59        0.43     1.09    [1.05,1.12]    0.30      0.30      0.09    1.02
                           0.56       0.56        1.59       1.59        0.53     1.05    [1.02,1.07]    0.35      0.35      0.11    1.01
                           0.57       0.68        1.59       1.59        0.64     1.05    [1.04,1.08]    0.42      0.42      0.14    1.04
                           0.58       0.78        1.59       1.59        0.73     1.07    [1.05,1.09]    0.49      0.49      0.16    1.04
                           0.59       0.90        1.59       1.59        0.84     1.07    [1.05,1.08]    0.56      0.56      0.18    1.04
                           0.60       1.01        1.59       1.59        0.95     1.06    [1.05,1.08]    0.63      0.63      0.20    1.04
                           0.61       1.12        1.59       1.59        1.04     1.07    [1.06,1.09]    0.71      0.71      0.23    1.04
                           0.62       1.24        1.59       1.59        1.15     1.08    [1.06,1.10]    0.78      0.78      0.25    1.05
                           0.63       1.38        1.59       1.59        1.26     1.09    [1.07,1.11]    0.87      0.87      0.28    1.06
                           0.64       1.52        1.59       1.59        1.39     1.10    [1.08,1.11]    0.96      0.96      0.31    1.08
                           0.65       1.66        1.59       1.59        1.59     1.04    [1.01,1.10]    1.04      1.04      0.33    1.09
                           0.66       1.80        1.78       1.78        1.78     1.01    [1.00,1.11]    1.01      1.01      0.36    1.09
                           0.67       1.94        1.87       1.87        1.84     1.05    [1.03,1.07]    1.04      1.04      0.39    1.10
                           0.68       2.08        1.96       1.96        1.92     1.09    [1.07,1.10]    1.06      1.06      0.42    1.10
                           0.69       2.22        2.06       2.06        1.99     1.12    [1.10,1.13]    1.08      1.08      0.45    1.10
                           0.70       2.37        2.16       2.16        2.09     1.14    [1.13,1.15]    1.10      1.10      0.48    1.11
                           0.71       2.53        2.27       2.27        2.21     1.15    [1.14,1.16]    1.12      1.12      0.51    1.11
                           0.72       2.70        2.38       2.38        2.33     1.16    [1.15,1.17]    1.13      1.13      0.54    1.12
                           0.73       2.87        2.50       2.50        2.46     1.17    [1.16,1.17]    1.15      1.15      0.58    1.14
                           0.74       3.05        2.62       2.62        3.32     0.92    [0.91,1.18]    1.16      1.16      0.61    1.15
                           0.75       3.24        2.75       2.75        3.32     0.98    [0.95,1.01]    1.18      1.18      0.65    1.16
                           0.76       3.43        2.89       2.89        3.32     1.03    [1.00,1.07]    1.19      1.19      0.69    1.18
                           0.77       3.64        3.03       3.03        3.32     1.10    [1.06,1.13]    1.20      1.20      0.73    1.20
                           0.78       3.86        3.18       3.18        3.32     1.17    [1.13,1.20]    1.22      1.22      0.78    1.20
                           0.79       4.11        4.09       4.09        3.41     1.21    [1.20,1.23]    1.00      1.00      0.82    1.20
                           0.80       4.37        4.29       4.29        3.52     1.24    [1.23,1.25]    1.02      1.02      0.88    1.20
                           0.81       4.65        4.49       4.49        3.70     1.26    [1.23,1.26]    1.04      1.04      0.93    1.21
                           0.82       4.97        4.70       4.70        3.93     1.26    [1.24,1.27]    1.06      1.06      1.00    1.23
                           0.83       5.32        4.92       4.92        4.23     1.26    [1.24,1.27]    1.08      1.08      1.00    1.25
                           0.84       5.72        5.15       5.15        4.45     1.29    [1.27,1.31]    1.11      1.11      1.00    1.28
                           0.85       6.18        5.40       5.40        4.68     1.32    [1.30,1.34]    1.14      1.14      1.01    1.32
                           0.86       6.72        5.65       5.65        4.98     1.35    [1.33,1.37]    1.19      1.19      1.03    1.31
                           0.87       7.46        5.92       5.92        5.72     1.31    [1.26,1.38]    1.26      1.26      1.07    1.33
                           0.88       8.41        6.20       6.20        6.06     1.39    [1.31,1.44]    1.36      1.36      1.13    1.39
                           0.89       9.47        9.79       9.50        6.50     1.46    [1.29,1.46]    1.00      0.97      1.19    1.43
                           0.90      11.49       13.20      11.56        7.51     1.53    [1.39,1.77]    0.99      0.87      1.29    1.53
                           0.91      18.65       14.37      13.25        8.66     2.15    [2.07,2.27]    1.41      1.30      1.82    2.23
                           0.92      20.62       15.64      14.76       10.01     2.06    [1.90,2.32]    1.40      1.32      1.80    2.14
                           0.93      23.15       35.12      23.20       15.83     1.46    [1.28,1.53]    1.00      0.66      1.88    2.07
--------------------------------------------------------------------------------------------------------------------------------------

fidelity ceiling by method
         point         threshold    adaptive_count  fixed_count_mmpp     adaptive_mmpp           learned           optimal
      ratio0.5            0.9169            0.9147            0.9275            0.9277            0.9228            0.9244
     ratio1.88            0.9217            0.9163            0.9269            0.9274            0.9262            0.9251
     ratio7.07            0.9282            0.9183            0.9342            0.9351            0.9329            0.9346
     ratio26.6            0.9360            0.9258            0.9410            0.9419            0.9408            0.9423
      ratio100            0.9381            0.9308            0.9472            0.9474            0.9460            0.9469

end-to-end speedup including per-shot overhead (F* = 0.85)
      ratio0.5   0 us: 1.37x,  5 us: 1.18x,  20 us: 1.07x,  100 us: 1.02x
     ratio1.88   0 us: 1.35x,  5 us: 1.17x,  20 us: 1.07x,  100 us: 1.02x
     ratio7.07   0 us: 1.34x,  5 us: 1.17x,  20 us: 1.07x,  100 us: 1.02x
     ratio26.6   0 us: 1.34x,  5 us: 1.17x,  20 us: 1.07x,  100 us: 1.02x
      ratio100   0 us: 1.32x,  5 us: 1.15x,  20 us: 1.06x,  100 us: 1.01x
