
====================================================================================================
594 NM LASER-POWER SWEEP: run-time reduction at matched balanced fidelity
  Powers stay inside the [0.875, 15] uW range over which the Shields et al. (2015) rate fits were measured.
  detector: non-paralyzable dead time 50 ns, afterpulse p = 0.01 with tau = 100 ns, filter rates corrected
  rate noise: no rate noise
  physics layer: nv_charge_readout_master_v1_4
====================================================================================================
         point  ph/dwell     F*  t_thr(us) t_count(us)  t_fcm(us)  T_mmpp(us)  sp_mmpp         95% CI  sp_fcm  sp_count  sp_learn  sp_opt
--------------------------------------------------------------------------------------------------------------------------------------
        P0.875     171.5   0.55       2.65        9.05       9.05        2.58     1.03    [1.02,1.05]    0.29      0.29      0.01       -
                           0.56       3.17        9.05       9.05        3.08     1.03    [1.01,1.05]    0.35      0.35      0.02       -
                           0.57       3.84        9.05       9.05        3.68     1.04    [1.03,1.06]    0.42      0.42      0.02       -
                           0.58       4.45        9.05       9.05        4.17     1.07    [1.05,1.09]    0.49      0.49      0.02       -
                           0.59       5.06        9.05       9.05        4.70     1.08    [1.06,1.10]    0.56      0.56      0.03       -
                           0.60       5.69        9.05       9.05        5.29     1.08    [1.06,1.09]    0.63      0.63      0.03       -
                           0.61       6.36        9.05       9.05        5.96     1.07    [1.06,1.08]    0.70      0.70      0.04       -
                           0.62       7.04        9.05       9.05        6.51     1.08    [1.07,1.10]    0.78      0.78      0.04       -
                           0.63       7.74        9.05       9.05        7.10     1.09    [1.08,1.10]    0.86      0.86      0.04       -
                           0.64       8.46        9.05       9.05        7.75     1.09    [1.08,1.10]    0.94      0.94      0.05       -
                           0.65       9.24        9.05       9.05        9.05     1.02    [1.00,1.10]    1.02      1.02      0.05       -
                           0.66      10.09       10.05      10.20        9.13     1.10    [1.03,1.11]    0.99      1.00      0.06       -
                           0.67      10.88       10.58      10.72       10.18     1.07    [1.04,1.10]    1.01      1.03      0.06       -
                           0.68      11.73       11.13      11.27       10.47     1.12    [1.09,1.13]    1.04      1.05      0.07       -
                           0.69      12.61       11.71      11.85       11.10     1.14    [1.13,1.15]    1.06      1.08      0.07       -
                           0.70      13.56       12.32      12.46       11.81     1.15    [1.14,1.16]    1.09      1.10      0.08       -
                           0.71      14.53       12.96      13.10       12.55     1.16    [1.14,1.17]    1.11      1.12      0.08       -
                           0.72      15.55       13.64      13.77       13.34     1.17    [1.16,1.18]    1.13      1.14      0.09       -
                           0.73      16.59       14.35      14.48       14.19     1.17    [1.16,1.18]    1.15      1.16      0.09       -
                           0.74      17.65       15.10      15.22       14.97     1.18    [1.17,1.19]    1.16      1.17      0.10       -
                           0.75      18.80       15.89      16.00       15.78     1.19    [1.18,1.20]    1.17      1.18      0.11       -
                           0.76      20.05       16.72      16.82       16.65     1.20    [1.19,1.22]    1.19      1.20      0.11       -
                           0.77      21.39       17.60      17.69       17.56     1.22    [1.21,1.23]    1.21      1.22      0.12       -
                           0.78      22.79       18.52      18.59       18.51     1.23    [1.22,1.24]    1.23      1.23      0.13       -
                           0.79      24.26       19.48      19.55       19.52     1.24    [1.23,1.25]    1.24      1.25      0.14       -
                           0.80      25.83       20.50      20.55       20.61     1.25    [1.24,1.26]    1.26      1.26      0.15       -
                           0.81      27.49       21.57      21.60       21.78     1.26    [1.25,1.27]    1.27      1.27      0.15       -
                           0.82      29.26       22.70      22.71       23.42     1.25    [1.24,1.29]    1.29      1.29      0.16       -
                           0.83      31.11       30.98      30.97       24.72     1.26    [1.24,1.30]    1.00      1.00      0.17       -
                           0.84      33.07       33.19      33.15       25.50     1.30    [1.28,1.32]    1.00      1.00      0.19       -
                           0.85      35.37       35.56      35.50       28.05     1.26    [1.26,1.33]    1.00      0.99      0.20       -
                           0.86      38.42       38.10      38.00       30.18     1.27    [1.26,1.33]    1.01      1.01      0.22       -
                           0.87      41.89       40.82      40.69       30.83     1.36    [1.31,1.40]    1.03      1.03      0.24       -
                           0.88      45.93       43.73      43.56       32.65     1.41    [1.38,1.44]    1.05      1.05      0.26       -
                           0.89      50.55       46.85      46.64       35.24     1.43    [1.41,1.46]    1.08      1.08      0.28       -
                           0.90      56.44       50.20      49.93       37.77     1.49    [1.44,1.53]    1.13      1.12      0.32       -
                           0.91      70.38       53.79      53.46       43.17     1.63    [1.52,1.72]    1.32      1.31      0.40       -
                           0.92      83.96       60.75      60.64       55.43     1.51    [1.50,1.70]    1.38      1.38      0.47       -
                           0.93      91.93      123.40     123.31       57.96     1.59    [1.56,1.62]    0.75      0.74      0.52       -
                           0.94      98.55      138.34     131.24       62.75     1.57    [1.55,1.69]    0.75      0.71      0.55       -
                           0.95     107.79      155.09     139.68       62.98     1.71    [1.66,1.76]    0.77      0.69      0.61       -
                           0.96     120.79      162.79     148.66      100.18     1.21    [1.06,1.78]    0.81      0.74      0.68       -
                           0.97     150.39      168.06     158.22      105.20     1.43    [1.24,1.57]    0.95      0.89      0.84       -
                           0.98     196.35      173.50     170.18      110.48     1.78    [1.68,1.89]    1.15      1.13      1.09       -
                exact optimum skipped: 9166 DP steps > 5000
--------------------------------------------------------------------------------------------------------------------------------------
        P2.000      74.7   0.55       1.34        4.09       4.09        1.26     1.07    [1.04,1.09]    0.33      0.33      0.04    1.04
                           0.56       1.62        4.09       4.09        1.53     1.06    [1.04,1.08]    0.40      0.40      0.05    1.04
                           0.57       1.91        4.09       4.09        1.79     1.07    [1.05,1.09]    0.47      0.47      0.05    1.05
                           0.58       2.21        4.09       4.09        2.02     1.10    [1.07,1.12]    0.54      0.54      0.06    1.07
                           0.59       2.48        4.09       4.09        2.27     1.09    [1.07,1.11]    0.61      0.61      0.07    1.06
                           0.60       2.75        4.09       4.09        2.56     1.07    [1.05,1.09]    0.67      0.67      0.08    1.06
                           0.61       3.03        4.09       4.09        2.83     1.07    [1.06,1.08]    0.74      0.74      0.09    1.06
                           0.62       3.31        4.09       4.09        3.08     1.07    [1.06,1.09]    0.81      0.81      0.10    1.07
                           0.63       3.62        4.09       4.09        3.35     1.08    [1.06,1.09]    0.89      0.89      0.10    1.07
                           0.64       3.98        4.09       4.09        3.65     1.09    [0.99,1.10]    0.97      0.97      0.11    1.08
                           0.65       4.30        4.09       4.09        4.09     1.05    [1.01,1.09]    1.05      1.05      0.12    1.07
                           0.66       4.65        4.60       4.60        4.20     1.11    [1.04,1.11]    1.01      1.01      0.13    1.07
                           0.67       5.05        4.84       4.84        4.64     1.09    [1.06,1.11]    1.04      1.04      0.15    1.09
                           0.68       5.44        5.09       5.09        4.87     1.12    [1.11,1.12]    1.07      1.07      0.16    1.10
                           0.69       5.82        5.36       5.36        5.16     1.13    [1.12,1.14]    1.09      1.09      0.17    1.10
                           0.70       6.23        5.65       5.65        5.47     1.14    [1.13,1.15]    1.10      1.10      0.18    1.12
                           0.71       6.67        5.94       5.94        5.80     1.15    [1.14,1.16]    1.12      1.12      0.19    1.13
                           0.72       7.12        6.26       6.26        6.14     1.16    [1.15,1.17]    1.14      1.14      0.20    1.14
                           0.73       7.57        6.59       6.59        6.51     1.16    [1.16,1.17]    1.15      1.15      0.22    1.14
                           0.74       8.05        6.94       6.94        6.89     1.17    [1.16,1.18]    1.16      1.16      0.23    1.14
                           0.75       8.59        7.30       7.30        7.29     1.18    [1.17,1.19]    1.18      1.18      0.25    1.16
                           0.76       9.16        7.69       7.69        7.67     1.19    [1.18,1.20]    1.19      1.19      0.26    1.17
                           0.77       9.74        8.09       8.09        8.06     1.21    [1.20,1.22]    1.20      1.20      0.28    1.18
                           0.78      10.36        8.52       8.52        8.47     1.22    [1.21,1.24]    1.22      1.22      0.30    1.20
                           0.79      11.03        8.97       8.97        8.90     1.24    [1.17,1.25]    1.23      1.23      0.32    1.22
                           0.80      11.77        9.44       9.44        9.62     1.22    [1.19,1.25]    1.25      1.25      0.34    1.24
                           0.81      12.56       12.38      12.38       10.39     1.21    [1.16,1.26]    1.01      1.01      0.36    1.25
                           0.82      13.43       13.00      13.00       11.35     1.18    [1.18,1.23]    1.03      1.03      0.39    1.26
                           0.83      14.36       13.65      13.65       11.36     1.26    [1.23,1.30]    1.05      1.05      0.41    1.27
                           0.84      15.35       14.34      14.34       12.07     1.27    [1.24,1.31]    1.07      1.07      0.44    1.29
                           0.85      16.44       15.06      15.06       12.62     1.30    [1.28,1.32]    1.09      1.09      0.47    1.32
                           0.86      17.68       15.81      15.81       13.44     1.31    [1.29,1.34]    1.12      1.12      0.51    1.33
                           0.87      19.10       16.61      16.61       14.02     1.36    [1.33,1.39]    1.15      1.15      0.55    1.34
                           0.88      20.83       17.44      17.44       15.05     1.38    [1.37,1.41]    1.19      1.19      0.60    1.37
                           0.89      22.69       18.32      18.32       16.07     1.41    [1.40,1.43]    1.24      1.24      0.65    1.41
                           0.90      24.79       19.24      19.24       17.14     1.45    [1.42,1.49]    1.29      1.29      0.71    1.45
                           0.91      28.99       20.20      20.20       19.00     1.53    [1.48,1.67]    1.44      1.44      0.83    1.54
                           0.92      39.02       44.32      44.29       23.23     1.68    [1.50,1.70]    0.88      0.88      1.10    1.90
                           0.93      42.64       46.50      46.43       26.63     1.60    [1.55,1.64]    0.92      0.92      1.17    1.92
                           0.94      46.26       48.79      48.68       27.87     1.66    [1.62,1.70]    0.95      0.95      1.23    1.93
                           0.95      50.52       51.19      51.03       28.54     1.77    [1.70,1.83]    0.99      0.99      1.29    1.81
                           0.96      60.02       53.71      53.49       51.53     1.16    [1.09,1.61]    1.12      1.12      1.38    1.88
--------------------------------------------------------------------------------------------------------------------------------------
        P4.000      37.3   0.55       0.64        2.11       2.11        0.62     1.04    [1.02,1.06]    0.31      0.31      0.07    1.01
                           0.56       0.79        2.11       2.11        0.75     1.04    [1.02,1.06]    0.37      0.37      0.09    1.02
                           0.57       0.94        2.11       2.11        0.90     1.04    [1.03,1.06]    0.44      0.44      0.10    1.04
                           0.58       1.10        2.11       2.11        1.02     1.08    [1.05,1.10]    0.52      0.52      0.12    1.05
                           0.59       1.26        2.11       2.11        1.15     1.10    [1.07,1.11]    0.60      0.60      0.14    1.07
                           0.60       1.39        2.11       2.11        1.29     1.08    [1.06,1.09]    0.66      0.66      0.16    1.06
                           0.61       1.54        2.11       2.11        1.44     1.07    [1.06,1.08]    0.73      0.73      0.17    1.06
                           0.62       1.68        2.11       2.11        1.56     1.08    [1.06,1.09]    0.80      0.80      0.19    1.06
                           0.63       1.84        2.11       2.11        1.70     1.08    [1.07,1.09]    0.87      0.87      0.20    1.07
                           0.64       2.01        2.11       2.11        1.85     1.09    [1.08,1.10]    0.95      0.95      0.22    1.08
                           0.65       2.18        2.11       2.11        2.11     1.03    [1.01,1.10]    1.03      1.03      0.24    1.08
                           0.66       2.35        2.35       2.35        2.19     1.08    [1.05,1.10]    1.00      1.00      0.26    1.08
                           0.67       2.53        2.47       2.47        2.37     1.07    [1.05,1.09]    1.03      1.03      0.28    1.08
                           0.68       2.72        2.60       2.60        2.45     1.11    [1.08,1.12]    1.05      1.05      0.30    1.09
                           0.69       2.92        2.74       2.74        2.59     1.13    [1.12,1.14]    1.07      1.07      0.32    1.09
                           0.70       3.13        2.88       2.88        2.76     1.14    [1.12,1.15]    1.09      1.09      0.35    1.11
                           0.71       3.36        3.03       3.03        2.93     1.15    [1.13,1.16]    1.11      1.11      0.37    1.13
                           0.72       3.61        3.19       3.19        3.12     1.16    [1.14,1.17]    1.13      1.13      0.40    1.15
                           0.73       3.87        3.36       3.36        3.32     1.17    [1.16,1.17]    1.15      1.15      0.43    1.15
                           0.74       4.14        3.54       3.54        3.52     1.18    [1.17,1.18]    1.17      1.17      0.46    1.16
                           0.75       4.42        3.72       3.72        3.72     1.19    [1.18,1.20]    1.19      1.19      0.49    1.17
                           0.76       4.71        3.92       3.92        4.58     1.03    [1.01,1.20]    1.20      1.20      0.52    1.18
                           0.77       5.01        4.12       4.12        4.58     1.09    [1.06,1.13]    1.21      1.21      0.56    1.19
                           0.78       5.32        4.34       4.34        4.58     1.16    [1.12,1.20]    1.23      1.23      0.59    1.20
                           0.79       5.65        4.57       4.57        4.58     1.23    [1.19,1.24]    1.24      1.24      0.63    1.22
                           0.80       5.99        5.89       5.89        5.12     1.17    [1.15,1.25]    1.02      1.02      0.67    1.23
                           0.81       6.36        6.15       6.15        5.15     1.24    [1.16,1.26]    1.03      1.03      0.71    1.25
                           0.82       6.76        6.43       6.43        5.66     1.19    [1.17,1.26]    1.05      1.05      0.75    1.25
                           0.83       7.24        6.72       6.72        5.91     1.22    [1.20,1.26]    1.08      1.08      0.81    1.26
                           0.84       7.74        7.02       7.02        5.94     1.30    [1.24,1.31]    1.10      1.10      0.86    1.28
                           0.85       8.27        7.34       7.34        6.30     1.31    [1.27,1.33]    1.13      1.13      0.92    1.30
                           0.86       8.89        7.67       7.67        6.83     1.30    [1.23,1.32]    1.16      1.16      0.99    1.33
                           0.87       9.67        8.02       8.02        7.38     1.31    [1.26,1.35]    1.21      1.21      1.00    1.35
                           0.88      10.63        8.38       8.38        7.70     1.38    [1.35,1.41]    1.27      1.27      1.02    1.37
                           0.89      11.78        8.76       8.76        8.59     1.37    [1.32,1.44]    1.35      1.35      1.05    1.40
                           0.90      13.37        9.15       9.15        9.13     1.46    [1.41,1.56]    1.46      1.46      1.10    1.48
                           0.91      19.06       18.69      18.28       10.21     1.87    [1.49,2.08]    1.04      1.02      1.46    1.92
                           0.92      22.52       19.56      19.28       13.10     1.72    [1.61,1.76]    1.17      1.15      1.60    2.02
                           0.93      24.45       20.47      20.33       14.72     1.66    [1.63,1.75]    1.20      1.19      1.60    1.97
                           0.94      26.71       21.43      21.44       15.13     1.77    [1.68,1.81]    1.25      1.25      1.53    1.85
                           0.95      33.67       22.43      37.47       19.95     1.69    [0.83,2.22]    0.90      1.50      1.61    1.91
--------------------------------------------------------------------------------------------------------------------------------------
        P8.000      18.6   0.55       0.36        1.13       1.13        0.34     1.04    [1.02,1.05]    0.31      0.31      0.15    1.02
                           0.56       0.43        1.13       1.13        0.41     1.04    [1.02,1.06]    0.38      0.38      0.18    1.01
                           0.57       0.51        1.13       1.13        0.49     1.05    [1.04,1.07]    0.45      0.45      0.21    1.03
                           0.58       0.60        1.13       1.13        0.55     1.09    [1.07,1.11]    0.53      0.53      0.25    1.05
                           0.59       0.68        1.13       1.13        0.62     1.09    [1.07,1.11]    0.60      0.60      0.28    1.04
                           0.60       0.75        1.13       1.13        0.70     1.07    [1.06,1.09]    0.67      0.67      0.32    1.04
                           0.61       0.85        1.13       1.13        0.78     1.08    [1.07,1.10]    0.75      0.75      0.36    1.05
                           0.62       0.95        1.13       1.13        0.86     1.10    [1.09,1.11]    0.83      0.83      0.40    1.07
                           0.63       1.03        1.13       1.13        0.94     1.10    [1.08,1.11]    0.91      0.91      0.43    1.06
                           0.64       1.12        1.13       1.13        1.03     1.09    [1.01,1.10]    0.99      0.99      0.47    1.06
                           0.65       1.23        1.13       1.13        1.13     1.09    [1.03,1.10]    1.09      1.09      0.51    1.07
                           0.66       1.33        1.30       1.30        1.26     1.06    [1.05,1.10]    1.02      1.02      0.56    1.08
                           0.67       1.44        1.37       1.37        1.31     1.10    [1.08,1.11]    1.05      1.05      0.60    1.09
                           0.68       1.55        1.44       1.44        1.38     1.12    [1.11,1.13]    1.07      1.07      0.65    1.10
                           0.69       1.66        1.51       1.51        1.46     1.14    [1.13,1.15]    1.10      1.10      0.70    1.11
                           0.70       1.79        1.59       1.59        1.55     1.16    [1.14,1.17]    1.13      1.13      0.75    1.13
                           0.71       1.90        1.68       1.68        1.65     1.16    [1.14,1.17]    1.14      1.14      0.80    1.14
                           0.72       2.02        1.76       1.76        1.75     1.16    [1.14,1.17]    1.15      1.15      0.85    1.15
                           0.73       2.16        1.85       1.85        1.86     1.17    [1.16,1.18]    1.17      1.17      0.90    1.15
                           0.74       2.31        1.95       1.95        1.96     1.18    [1.17,1.19]    1.18      1.18      0.97    1.16
                           0.75       2.45        2.05       2.05        2.06     1.19    [1.18,1.19]    1.19      1.19      1.00    1.16
                           0.76       2.59        2.16       2.16        2.26     1.15    [1.12,1.20]    1.20      1.20      1.01    1.17
                           0.77       2.75        2.74       2.74        2.53     1.09    [1.08,1.21]    1.00      1.00      1.02    1.18
                           0.78       2.92        2.86       2.86        2.56     1.14    [1.11,1.18]    1.02      1.02      1.02    1.19
                           0.79       3.11        2.98       2.98        2.58     1.20    [1.17,1.23]    1.04      1.04      1.04    1.21
                           0.80       3.31        3.10       3.10        2.76     1.20    [1.19,1.25]    1.07      1.07      1.05    1.23
                           0.81       3.51        3.24       3.24        2.82     1.25    [1.22,1.26]    1.09      1.09      1.06    1.26
                           0.82       3.76        3.38       3.38        3.05     1.23    [1.21,1.27]    1.11      1.11      1.07    1.26
                           0.83       4.04        3.52       3.52        3.22     1.25    [1.21,1.29]    1.15      1.15      1.10    1.26
                           0.84       4.38        3.67       3.67        3.51     1.25    [1.24,1.32]    1.19      1.19      1.13    1.28
                           0.85       4.78        3.83       3.83        3.54     1.35    [1.28,1.36]    1.25      1.25      1.17    1.32
                           0.86       5.25        3.99       3.99        4.16     1.26    [1.25,1.34]    1.31      1.31      1.19    1.36
                           0.87       5.72        4.16       4.16        4.21     1.36    [1.30,1.41]    1.37      1.37      1.20    1.35
                           0.88       6.42        6.67       6.41        4.61     1.39    [1.32,1.49]    1.00      0.96      1.24    1.38
                           0.89       7.75        7.93       7.26        5.34     1.45    [1.32,1.95]    1.07      0.98      1.38    1.54
                           0.90      11.91        8.76       8.19        6.16     1.93    [1.71,2.16]    1.45      1.36      1.92    2.09
                           0.91      13.14        9.68       9.19        8.66     1.52    [1.47,2.03]    1.43      1.36      1.88    2.01
                           0.92      15.13         nan      15.45       10.86     1.39    [1.31,1.55]    0.98         -      1.87    1.96
--------------------------------------------------------------------------------------------------------------------------------------
       P15.000       9.9   0.55       0.21        0.67       0.67        0.21     1.04    [1.02,1.06]    0.32      0.32      0.28    1.04
                           0.56       0.26        0.67       0.67        0.24     1.06    [1.03,1.07]    0.38      0.38      0.34    1.02
                           0.57       0.30        0.67       0.67        0.28     1.04    [1.03,1.06]    0.44      0.44      0.39    1.01
                           0.58       0.35        0.67       0.67        0.32     1.07    [1.05,1.09]    0.51      0.51      0.46    1.03
                           0.59       0.39        0.67       0.67        0.37     1.07    [1.05,1.09]    0.59      0.59      0.52    1.04
                           0.60       0.45        0.67       0.67        0.42     1.07    [1.05,1.09]    0.66      0.66      0.59    1.05
                           0.61       0.50        0.67       0.67        0.47     1.06    [1.06,1.08]    0.74      0.74      0.66    1.06
                           0.62       0.55        0.67       0.67        0.51     1.08    [1.06,1.09]    0.82      0.82      0.74    1.06
                           0.63       0.61        0.67       0.67        0.56     1.09    [1.08,1.11]    0.91      0.91      0.81    1.07
                           0.64       0.67        0.67       0.67        0.61     1.10    [1.08,1.11]    1.00      1.00      0.89    1.08
                           0.65       0.73        0.67       0.67        0.67     1.08    [1.03,1.10]    1.08      1.08      0.97    1.08
                           0.66       0.78        0.77       0.77        0.73     1.08    [1.05,1.10]    1.01      1.01      1.01    1.07
                           0.67       0.84        0.82       0.82        0.77     1.10    [1.08,1.11]    1.03      1.03      1.02    1.07
                           0.68       0.92        0.86       0.86        0.82     1.12    [1.11,1.13]    1.06      1.06      1.04    1.09
                           0.69       0.99        0.91       0.91        0.87     1.13    [1.12,1.15]    1.09      1.09      1.05    1.11
                           0.70       1.06        0.96       0.96        0.93     1.14    [1.13,1.16]    1.11      1.11      1.06    1.13
                           0.71       1.14        1.01       1.01        0.99     1.15    [1.14,1.17]    1.12      1.12      1.07    1.14
                           0.72       1.22        1.07       1.07        1.05     1.15    [1.14,1.17]    1.14      1.14      1.07    1.14
                           0.73       1.31        1.13       1.13        1.12     1.17    [1.15,1.18]    1.16      1.16      1.08    1.15
                           0.74       1.41        1.19       1.19        1.19     1.19    [1.17,1.19]    1.18      1.18      1.09    1.16
                           0.75       1.51        1.50       1.50        1.28     1.18    [1.17,1.20]    1.01      1.01      1.10    1.16
                           0.76       1.61        1.57       1.57        1.50     1.08    [1.06,1.20]    1.03      1.03      1.11    1.17
                           0.77       1.73        1.64       1.64        1.53     1.13    [1.10,1.15]    1.05      1.05      1.12    1.19
                           0.78       1.85        1.71       1.71        1.57     1.18    [1.15,1.21]    1.08      1.08      1.13    1.21
                           0.79       1.98        1.79       1.79        1.60     1.23    [1.20,1.26]    1.11      1.11      1.15    1.23
                           0.80       2.13        1.87       1.87        1.68     1.27    [1.25,1.28]    1.14      1.14      1.16    1.25
                           0.81       2.31        1.96       1.96        1.81     1.27    [1.22,1.29]    1.18      1.18      1.19    1.25
                           0.82       2.55        2.05       2.05        2.02     1.26    [1.22,1.30]    1.25      1.25      1.22    1.28
                           0.83       2.80        2.14       2.14        2.09     1.34    [1.29,1.34]    1.31      1.31      1.24    1.32
                           0.84       3.07        3.05       3.05        2.27     1.35    [1.16,1.37]    1.01      1.01      1.26    1.36
                           0.85       3.49        3.31       3.31        2.77     1.26    [1.17,1.36]    1.05      1.05      1.30    1.36
                           0.86       4.16        3.60       3.60        3.12     1.33    [1.30,1.79]    1.15      1.15      1.39    1.44
                           0.87       8.02        7.14       6.50        3.35     2.40    [1.56,2.55]    1.23      1.12      2.36    2.40
--------------------------------------------------------------------------------------------------------------------------------------

fidelity ceiling by method
         point         threshold    adaptive_count  fixed_count_mmpp     adaptive_mmpp           learned
        P0.875            0.9844            0.9841            0.9877            0.9876            0.9871
        P2.000            0.9699            0.9672            0.9756            0.9765            0.9764
        P4.000            0.9520            0.9508            0.9581            0.9585            0.9578
        P8.000            0.9255            0.9114            0.9283            0.9308            0.9311
       P15.000            0.8771            0.8751            0.8910            0.8907            0.8910

end-to-end speedup including per-shot overhead (F* = 0.85)
        P0.875   0 us: 1.26x,  5 us: 1.22x,  20 us: 1.15x,  100 us: 1.06x
        P2.000   0 us: 1.30x,  5 us: 1.22x,  20 us: 1.12x,  100 us: 1.03x
        P4.000   0 us: 1.31x,  5 us: 1.17x,  20 us: 1.07x,  100 us: 1.02x
        P8.000   0 us: 1.35x,  5 us: 1.14x,  20 us: 1.05x,  100 us: 1.01x
       P15.000   0 us: 1.26x,  5 us: 1.09x,  20 us: 1.03x,  100 us: 1.01x
