
====================================================================================================
RATE-NOISE CORRELATION-TIME SWEEP (GAUSSIAN, SIGMA = 0.2): run-time reduction at matched balanced fidelity
  Noise much faster than the 120 us bright dwell averages out within a dwell; noise much slower is quasi-static and the calibrated cutoff absorbs it. The damage should peak in between.
  detector: ideal detector (no dead time, no afterpulsing)
  rate noise: ou rate noise, sigma = 0.2, tau_c = 0.01 ms, photon order 2.10541, mean-renormalised
  physics layer: nv_charge_readout_master_v1_4
====================================================================================================
         point  ph/dwell     F*  t_thr(us) t_count(us)  t_fcm(us)  T_mmpp(us)  sp_mmpp         95% CI  sp_fcm  sp_count  sp_learn  sp_opt  sp_hmm
----------------------------------------------------------------------------------------------------------------------------------------------
     tau0.01ms      27.4   0.55       0.50        1.60       1.60        0.47     1.05    [1.03,1.07]    0.31      0.31      0.10    1.02    1.00
                           0.56       0.59        1.60       1.60        0.56     1.06    [1.04,1.08]    0.37      0.37      0.12    1.01    1.00
                           0.57       0.69        1.60       1.60        0.67     1.04    [1.03,1.05]    0.43      0.43      0.14    1.01    1.00
                           0.58       0.81        1.60       1.60        0.77     1.06    [1.04,1.08]    0.51      0.51      0.16    1.03    1.00
                           0.59       0.95        1.60       1.60        0.88     1.08    [1.06,1.10]    0.59      0.59      0.19    1.05    1.00
                           0.60       1.08        1.60       1.60        1.01     1.08    [1.06,1.09]    0.68      0.68      0.22    1.07    1.00
                           0.61       1.20        1.60       1.60        1.12     1.08    [1.07,1.09]    0.75      0.75      0.24    1.07    1.00
                           0.62       1.32        1.60       1.60        1.22     1.09    [1.07,1.10]    0.83      0.83      0.27    1.06    1.00
                           0.63       1.45        1.60       1.60        1.33     1.09    [1.08,1.11]    0.91      0.91      0.29    1.07    1.00
                           0.64       1.59        1.60       1.60        1.45     1.09    [1.00,1.10]    0.99      0.99      0.32    1.07    1.00
                           0.65       1.72        1.60       1.60        1.60     1.08    [1.04,1.10]    1.08      1.08      0.35    1.07    1.00
                           0.66       1.85        1.82       1.82        1.77     1.05    [1.04,1.10]    1.02      1.02      0.37    1.07    1.00
                           0.67       1.99        1.92       1.92        1.83     1.09    [1.07,1.10]    1.04      1.04      0.40    1.07    1.00
                           0.68       2.13        2.02       2.02        1.91     1.11    [1.10,1.12]    1.05      1.05      0.43    1.08    1.00
                           0.69       2.28        2.13       2.13        2.03     1.12    [1.11,1.13]    1.07      1.07      0.46    1.08    1.00
                           0.70       2.44        2.24       2.24        2.17     1.13    [1.11,1.14]    1.09      1.09      0.49    1.10    1.00
                           0.71       2.64        2.36       2.36        2.30     1.14    [1.13,1.16]    1.12      1.12      0.53    1.12    1.00
                           0.72       2.84        2.49       2.49        2.45     1.16    [1.15,1.17]    1.14      1.14      0.57    1.15    1.00
                           0.73       3.03        2.62       2.62        2.60     1.17    [1.16,1.18]    1.16      1.16      0.61    1.15    1.00
                           0.74       3.23        2.76       2.76        2.74     1.18    [1.17,1.19]    1.17      1.17      0.65    1.15    1.00
                           0.75       3.43        2.91       2.91        2.88     1.19    [1.05,1.20]    1.18      1.18      0.69    1.15    1.00
                           0.76       3.65        3.06       3.06        3.34     1.09    [1.06,1.14]    1.19      1.19      0.73    1.16    1.00
                           0.77       3.89        3.23       3.23        3.34     1.16    [1.13,1.20]    1.20      1.20      0.78    1.17    1.00
                           0.78       4.16        4.13       4.13        3.51     1.19    [1.17,1.22]    1.01      1.01      0.84    1.20    1.00
                           0.79       4.49        4.32       4.32        3.91     1.15    [1.14,1.24]    1.04      1.04      0.90    1.23    1.00
                           0.80       4.77        4.52       4.52        3.92     1.22    [1.18,1.25]    1.06      1.06      0.96    1.25    1.00
                           0.81       5.05        4.73       4.73        4.16     1.22    [1.21,1.27]    1.07      1.07      1.00    1.24    1.00
                           0.82       5.42        4.95       4.95        4.50     1.20    [1.18,1.26]    1.10      1.10      1.00    1.25    1.00
                           0.83       5.89        5.17       5.17        4.53     1.30    [1.23,1.31]    1.14      1.14      1.02    1.28    1.00
                           0.84       6.33        5.41       5.41        4.84     1.31    [1.27,1.33]    1.17      1.17      1.03    1.30    1.00
                           0.85       6.83        5.66       5.66        5.35     1.28    [1.23,1.33]    1.21      1.21      1.05    1.33    1.00
                           0.86       7.43        5.92       5.92        5.67     1.31    [1.27,1.37]    1.25      1.25      1.07    1.35    1.00
                           0.87       8.24        6.19       6.19        6.02     1.37    [1.35,1.42]    1.33      1.33      1.11    1.37    1.00
                           0.88       9.25        6.48       6.48        6.41     1.44    [1.33,1.46]    1.43      1.43      1.17    1.42    1.00
                           0.89      10.79       12.76      11.00        7.18     1.50    [1.39,1.64]    0.98      0.85      1.27    1.53    1.00
                           0.90      15.84       13.37      12.68        8.15     1.94    [1.53,1.99]    1.25      1.18      1.69    2.02    1.10
                           0.91      17.06       14.01      13.58       10.70     1.59    [1.52,1.67]    1.26      1.22      1.66    1.92    1.03
                           0.92      18.72       14.68      14.55       11.45     1.63    [1.56,1.67]    1.29      1.27      1.65    1.89    1.01
                           0.93      21.23       15.39      23.30       14.42     1.47    [1.44,1.75]    0.91      1.38      1.65    1.84    0.99
----------------------------------------------------------------------------------------------------------------------------------------------
     tau0.03ms      27.4   0.55       0.49        1.59       1.59        0.48     1.03    [1.01,1.05]    0.31      0.31      0.10    1.03    1.00
                           0.56       0.59        1.59       1.59        0.56     1.05    [1.03,1.07]    0.37      0.37      0.12    1.03    1.00
                           0.57       0.69        1.59       1.59        0.66     1.04    [1.03,1.06]    0.43      0.43      0.14    1.03    1.00
                           0.58       0.80        1.59       1.59        0.75     1.07    [1.05,1.10]    0.50      0.50      0.16    1.04    1.00
                           0.59       0.92        1.59       1.59        0.84     1.09    [1.07,1.10]    0.58      0.58      0.18    1.05    1.00
                           0.60       1.03        1.59       1.59        0.95     1.08    [1.06,1.10]    0.65      0.65      0.21    1.06    1.00
                           0.61       1.14        1.59       1.59        1.07     1.07    [1.06,1.08]    0.72      0.72      0.23    1.06    1.00
                           0.62       1.26        1.59       1.59        1.16     1.08    [1.07,1.09]    0.79      0.79      0.25    1.07    1.00
                           0.63       1.38        1.59       1.59        1.26     1.09    [1.08,1.10]    0.87      0.87      0.28    1.07    1.00
                           0.64       1.51        1.59       1.59        1.37     1.10    [1.08,1.11]    0.95      0.95      0.30    1.08    1.00
                           0.65       1.63        1.59       1.59        1.59     1.02    [1.00,1.10]    1.02      1.02      0.33    1.06    1.00
                           0.66       1.76        1.76       1.77        1.65     1.07    [1.05,1.10]    0.99      1.00      0.35    1.06    1.00
                           0.67       1.92        1.85       1.87        1.79     1.08    [1.05,1.10]    1.03      1.04      0.39    1.08    1.00
                           0.68       2.06        1.95       1.97        1.85     1.12    [1.09,1.13]    1.05      1.05      0.41    1.08    1.00
                           0.69       2.21        2.06       2.07        1.95     1.13    [1.12,1.15]    1.07      1.07      0.44    1.09    1.00
                           0.70       2.39        2.17       2.19        2.08     1.15    [1.14,1.17]    1.09      1.10      0.48    1.11    1.00
                           0.71       2.57        2.29       2.30        2.21     1.16    [1.15,1.18]    1.12      1.12      0.52    1.12    1.00
                           0.72       2.76        2.42       2.43        2.35     1.17    [1.16,1.18]    1.13      1.14      0.55    1.14    1.00
                           0.73       2.93        2.55       2.56        2.50     1.17    [1.16,1.18]    1.14      1.15      0.59    1.14    1.00
                           0.74       3.11        2.69       2.70        2.65     1.18    [1.17,1.18]    1.15      1.16      0.63    1.14    1.00
                           0.75       3.31        2.83       2.85        2.79     1.19    [1.18,1.19]    1.16      1.17      0.67    1.14    1.00
                           0.76       3.52        2.99       3.00        3.33     1.06    [1.05,1.20]    1.17      1.18      0.71    1.14    1.00
                           0.77       3.78        3.15       3.17        3.33     1.13    [1.09,1.18]    1.19      1.20      0.76    1.16    1.00
                           0.78       4.07        3.32       4.08        3.33     1.22    [1.17,1.22]    1.00      1.22      0.82    1.19    1.00
                           0.79       4.35        4.26       4.28        3.55     1.22    [1.13,1.24]    1.02      1.02      0.87    1.21    1.00
                           0.80       4.66        4.47       4.48        3.90     1.19    [1.15,1.24]    1.04      1.04      0.94    1.24    1.00
                           0.81       5.02        4.68       4.69        4.10     1.22    [1.21,1.28]    1.07      1.07      1.01    1.26    1.00
                           0.82       5.39        4.90       4.92        4.48     1.20    [1.19,1.24]    1.10      1.10      1.01    1.27    1.00
                           0.83       5.76        5.14       5.15        4.51     1.28    [1.24,1.31]    1.12      1.12      1.01    1.28    1.00
                           0.84       6.20        5.39       5.40        4.76     1.30    [1.27,1.33]    1.15      1.15      1.01    1.30    1.00
                           0.85       6.70        5.65       5.66        5.17     1.30    [1.27,1.35]    1.18      1.19      1.02    1.33    1.00
                           0.86       7.28        5.92       5.93        5.64     1.29    [1.26,1.34]    1.23      1.23      1.04    1.37    1.00
                           0.87       8.11        6.20       6.21        5.77     1.40    [1.34,1.42]    1.30      1.31      1.08    1.37    1.00
                           0.88       9.40        6.50       6.51        6.51     1.44    [1.35,1.47]    1.44      1.45      1.17    1.44    1.00
                           0.89      11.26       12.72      10.95        7.14     1.58    [1.42,1.67]    1.03      0.88      1.30    1.57    1.00
                           0.90      16.04       13.38      12.51        8.15     1.97    [1.58,2.01]    1.28      1.20      1.68    1.99    1.04
                           0.91      17.53       14.07      13.45       10.89     1.61    [1.53,1.72]    1.30      1.25      1.67    1.95    1.03
                           0.92      19.38       14.80      14.47       11.53     1.68    [1.62,1.72]    1.34      1.31      1.68    1.95    1.02
                           0.93      22.10       15.56      15.57       13.59     1.63    [1.48,1.82]    1.42      1.42      1.71    1.89    1.01
----------------------------------------------------------------------------------------------------------------------------------------------
      tau0.1ms      27.4   0.55       0.50        1.59       1.59        0.47     1.06    [1.04,1.08]    0.31      0.31      0.10    1.03    1.00
                           0.56       0.59        1.59       1.59        0.56     1.06    [1.04,1.08]    0.37      0.37      0.12    1.02    1.00
                           0.57       0.69        1.59       1.59        0.66     1.04    [1.03,1.06]    0.43      0.43      0.14    1.02    1.00
                           0.58       0.80        1.59       1.59        0.75     1.06    [1.05,1.09]    0.50      0.50      0.16    1.03    1.00
                           0.59       0.92        1.59       1.59        0.85     1.08    [1.06,1.10]    0.58      0.58      0.18    1.05    1.00
                           0.60       1.04        1.59       1.59        0.96     1.08    [1.06,1.09]    0.65      0.65      0.21    1.06    1.00
                           0.61       1.15        1.59       1.59        1.08     1.06    [1.05,1.08]    0.72      0.72      0.23    1.07    1.00
                           0.62       1.27        1.59       1.59        1.17     1.08    [1.07,1.09]    0.80      0.80      0.25    1.07    1.00
                           0.63       1.39        1.59       1.59        1.28     1.09    [1.07,1.10]    0.87      0.87      0.28    1.07    1.00
                           0.64       1.52        1.59       1.59        1.39     1.09    [1.02,1.10]    0.95      0.95      0.31    1.07    1.00
                           0.65       1.67        1.59       1.59        1.59     1.05    [1.01,1.10]    1.05      1.05      0.34    1.08    1.00
                           0.66       1.80        1.79       1.79        1.65     1.09    [1.04,1.10]    1.00      1.00      0.36    1.08    1.00
                           0.67       1.93        1.89       1.89        1.80     1.07    [1.05,1.10]    1.02      1.02      0.39    1.08    1.00
                           0.68       2.09        1.99       1.99        1.87     1.12    [1.10,1.13]    1.05      1.05      0.42    1.09    1.00
                           0.69       2.26        2.10       2.10        1.99     1.14    [1.13,1.15]    1.07      1.07      0.45    1.11    1.00
                           0.70       2.42        2.22       2.22        2.11     1.15    [1.13,1.16]    1.09      1.09      0.49    1.12    1.00
                           0.71       2.59        2.34       2.34        2.25     1.15    [1.14,1.16]    1.11      1.11      0.52    1.13    1.00
                           0.72       2.76        2.47       2.47        2.39     1.16    [1.15,1.17]    1.12      1.12      0.56    1.15    1.00
                           0.73       2.97        2.60       2.61        2.54     1.17    [1.16,1.18]    1.14      1.14      0.60    1.16    1.00
                           0.74       3.21        2.74       2.75        2.72     1.18    [1.17,1.19]    1.17      1.17      0.64    1.17    1.00
                           0.75       3.45        2.89       2.90        2.90     1.19    [1.05,1.20]    1.19      1.19      0.69    1.18    1.00
                           0.76       3.69        3.05       3.06        3.33     1.11    [1.07,1.15]    1.20      1.21      0.74    1.19    1.00
                           0.77       3.92        3.22       3.23        3.33     1.18    [1.14,1.21]    1.21      1.22      0.79    1.19    1.00
                           0.78       4.19        4.13       4.15        3.50     1.20    [1.18,1.23]    1.01      1.01      0.84    1.21    1.00
                           0.79       4.50        4.32       4.34        3.90     1.15    [1.14,1.24]    1.04      1.04      0.90    1.23    1.00
                           0.80       4.80        4.52       4.54        3.92     1.23    [1.18,1.26]    1.06      1.06      0.97    1.25    1.00
                           0.81       5.13        4.73       4.75        4.21     1.22    [1.20,1.26]    1.08      1.08      1.00    1.25    1.00
                           0.82       5.48        4.95       4.97        4.49     1.22    [1.19,1.26]    1.10      1.11      1.01    1.26    1.00
                           0.83       5.86        5.17       5.19        4.53     1.29    [1.25,1.31]    1.13      1.13      1.01    1.27    1.00
                           0.84       6.32        5.41       5.43        4.82     1.31    [1.26,1.33]    1.16      1.17      1.03    1.29    1.00
                           0.85       6.84        5.66       5.68        5.28     1.30    [1.24,1.31]    1.20      1.21      1.04    1.33    1.00
                           0.86       7.46        5.92       5.94        5.68     1.31    [1.27,1.36]    1.26      1.26      1.07    1.35    1.00
                           0.87       8.18        6.19       6.21        5.85     1.40    [1.34,1.41]    1.32      1.32      1.10    1.36    1.00
                           0.88       9.17        6.47       6.50        6.53     1.40    [1.32,1.45]    1.41      1.42      1.16    1.40    1.00
                           0.89      10.61       12.75      10.71        7.18     1.48    [1.38,1.58]    0.99      0.83      1.26    1.50    1.00
                           0.90      15.81       13.42      12.38        8.15     1.94    [1.47,1.99]    1.28      1.18      1.71    1.99    1.12
                           0.91      17.47       14.12      13.40       10.60     1.65    [1.54,1.71]    1.30      1.24      1.70    1.96    1.03
                           0.92      19.40       14.86      14.51       11.55     1.68    [1.61,1.71]    1.34      1.31      1.70    1.96    1.01
                           0.93      22.44         nan      23.85       15.06     1.49    [1.47,1.77]    0.94         -      1.71    1.90    0.99
----------------------------------------------------------------------------------------------------------------------------------------------
      tau0.3ms      27.4   0.55       0.46        1.59       1.59        0.45     1.04    [1.03,1.07]    0.29      0.29      0.09    1.01    1.00
                           0.56       0.57        1.59       1.59        0.53     1.06    [1.04,1.08]    0.36      0.36      0.11    1.02    1.00
                           0.57       0.66        1.59       1.59        0.64     1.05    [1.03,1.07]    0.42      0.42      0.13    1.01    1.00
                           0.58       0.78        1.59       1.59        0.73     1.06    [1.04,1.09]    0.49      0.49      0.16    1.03    1.00
                           0.59       0.90        1.59       1.59        0.84     1.07    [1.05,1.09]    0.56      0.56      0.18    1.04    1.00
                           0.60       1.03        1.59       1.59        0.96     1.08    [1.06,1.09]    0.65      0.65      0.21    1.07    1.00
                           0.61       1.15        1.59       1.59        1.08     1.07    [1.06,1.08]    0.72      0.72      0.23    1.07    1.00
                           0.62       1.28        1.59       1.59        1.18     1.08    [1.07,1.10]    0.80      0.80      0.26    1.07    1.00
                           0.63       1.40        1.59       1.59        1.29     1.09    [1.07,1.10]    0.88      0.88      0.28    1.08    1.00
                           0.64       1.52        1.59       1.59        1.40     1.09    [1.00,1.10]    0.96      0.96      0.31    1.08    1.00
                           0.65       1.69        1.59       1.59        1.59     1.06    [1.01,1.09]    1.06      1.06      0.34    1.09    1.00
                           0.66       1.83        1.81       1.83        1.65     1.10    [1.05,1.12]    1.00      1.01      0.37    1.09    1.00
                           0.67       1.98        1.91       1.93        1.82     1.09    [1.06,1.11]    1.02      1.04      0.40    1.10    1.00
                           0.68       2.15        2.01       2.03        1.91     1.13    [1.11,1.14]    1.06      1.07      0.43    1.12    1.00
                           0.69       2.30        2.12       2.14        2.02     1.14    [1.13,1.15]    1.07      1.09      0.46    1.12    1.00
                           0.70       2.46        2.24       2.26        2.15     1.15    [1.13,1.16]    1.09      1.10      0.49    1.13    1.00
                           0.71       2.63        2.36       2.38        2.28     1.15    [1.14,1.16]    1.10      1.11      0.53    1.14    1.00
                           0.72       2.80        2.49       2.51        2.42     1.16    [1.15,1.17]    1.12      1.13      0.56    1.15    1.00
                           0.73       2.99        2.63       2.64        2.57     1.17    [1.16,1.17]    1.13      1.14      0.60    1.15    1.00
                           0.74       3.19        2.77       2.78        2.72     1.17    [1.17,1.18]    1.15      1.15      0.64    1.15    1.00
                           0.75       3.41        2.92       2.93        2.87     1.19    [1.05,1.20]    1.16      1.17      0.69    1.16    1.00
                           0.76       3.66        3.08       3.09        3.34     1.10    [1.06,1.19]    1.18      1.19      0.73    1.17    1.00
                           0.77       3.93        3.25       3.25        3.34     1.18    [1.13,1.21]    1.21      1.21      0.79    1.19    1.00
                           0.78       4.19        4.16       4.16        3.51     1.19    [1.17,1.22]    1.01      1.01      0.84    1.21    1.00
                           0.79       4.45        4.34       4.34        3.90     1.14    [1.14,1.24]    1.02      1.03      0.89    1.22    1.00
                           0.80       4.73        4.52       4.53        3.92     1.21    [1.17,1.24]    1.04      1.05      0.95    1.24    1.00
                           0.81       5.05        4.71       4.73        4.16     1.21    [1.20,1.26]    1.07      1.07      1.00    1.25    1.00
                           0.82       5.41        4.91       4.93        4.48     1.21    [1.18,1.25]    1.10      1.10      1.01    1.25    1.00
                           0.83       5.79        5.12       5.14        4.53     1.28    [1.24,1.30]    1.13      1.13      1.02    1.27    1.00
                           0.84       6.21        5.34       5.37        4.78     1.30    [1.27,1.32]    1.16      1.16      1.03    1.29    1.00
                           0.85       6.67        5.57       5.60        5.15     1.29    [1.23,1.33]    1.19      1.20      1.04    1.31    1.00
                           0.86       7.22        5.81       5.84        5.67     1.27    [1.23,1.31]    1.24      1.24      1.07    1.35    1.00
                           0.87       7.82        6.06       6.10        5.76     1.36    [1.31,1.39]    1.28      1.29      1.09    1.34    1.00
                           0.88       8.50        6.31       6.36        6.19     1.37    [1.34,1.40]    1.34      1.35      1.12    1.35    1.00
                           0.89       9.54       12.46       9.95        7.08     1.35    [1.33,1.46]    0.96      0.77      1.18    1.41    1.00
                           0.90      11.71       13.16      11.77        7.42     1.58    [1.42,1.96]    0.99      0.89      1.33    1.61    1.00
                           0.91      16.98       13.89      13.10        8.50     2.00    [1.60,2.10]    1.30      1.22      1.73    2.02    1.03
                           0.92      19.01       14.66      14.21       11.13     1.71    [1.61,1.75]    1.34      1.30      1.73    2.00    1.04
                           0.93      22.14       15.47      15.42       13.63     1.62    [1.55,1.86]    1.44      1.43      1.81    1.98    1.02
----------------------------------------------------------------------------------------------------------------------------------------------
        tau1ms      27.4   0.55       0.51        1.59       1.59        0.48     1.05    [1.02,1.08]    0.32      0.32      0.10    1.03    1.00
                           0.56       0.62        1.59       1.59        0.58     1.07    [1.04,1.09]    0.39      0.39      0.12    1.05    1.00
                           0.57       0.72        1.59       1.59        0.69     1.04    [1.03,1.06]    0.45      0.45      0.14    1.03    1.00
                           0.58       0.83        1.59       1.59        0.77     1.07    [1.05,1.09]    0.52      0.52      0.17    1.04    1.00
                           0.59       0.94        1.59       1.59        0.87     1.07    [1.05,1.09]    0.59      0.59      0.19    1.05    1.00
                           0.60       1.04        1.59       1.59        0.98     1.06    [1.04,1.08]    0.65      0.65      0.21    1.05    1.00
                           0.61       1.17        1.59       1.59        1.10     1.07    [1.06,1.08]    0.73      0.73      0.24    1.06    1.00
                           0.62       1.31        1.59       1.59        1.20     1.09    [1.07,1.10]    0.82      0.82      0.26    1.08    1.00
                           0.63       1.43        1.59       1.59        1.32     1.09    [1.07,1.10]    0.90      0.90      0.29    1.08    1.00
                           0.64       1.56        1.59       1.59        1.45     1.08    [0.99,1.09]    0.98      0.98      0.31    1.08    1.00
                           0.65       1.72        1.59       1.59        1.59     1.08    [1.03,1.10]    1.08      1.08      0.34    1.09    1.00
                           0.66       1.86        1.82       1.82        1.77     1.05    [1.04,1.10]    1.02      1.02      0.37    1.09    1.00
                           0.67       2.00        1.92       1.92        1.83     1.09    [1.07,1.12]    1.04      1.04      0.40    1.09    1.00
                           0.68       2.16        2.03       2.03        1.92     1.12    [1.11,1.13]    1.06      1.06      0.43    1.09    1.00
                           0.69       2.33        2.14       2.14        2.06     1.13    [1.12,1.15]    1.09      1.09      0.47    1.10    1.00
                           0.70       2.51        2.25       2.25        2.20     1.14    [1.13,1.16]    1.11      1.11      0.51    1.12    1.00
                           0.71       2.71        2.38       2.38        2.35     1.15    [1.14,1.16]    1.14      1.14      0.54    1.14    1.00
                           0.72       2.91        2.51       2.51        2.52     1.16    [1.15,1.17]    1.16      1.16      0.58    1.15    1.00
                           0.73       3.11        2.64       2.64        2.66     1.17    [1.16,1.18]    1.18      1.18      0.63    1.16    1.00
                           0.74       3.32        2.79       2.79        2.81     1.18    [1.18,1.19]    1.19      1.19      0.67    1.16    1.00
                           0.75       3.54        2.94       2.94        3.34     1.06    [1.05,1.20]    1.20      1.20      0.71    1.17    1.00
                           0.76       3.75        3.10       3.10        3.34     1.12    [1.09,1.16]    1.21      1.21      0.75    1.18    1.00
                           0.77       3.98        3.27       3.27        3.34     1.19    [1.15,1.22]    1.22      1.22      0.80    1.18    1.00
                           0.78       4.23        4.18       4.18        3.53     1.20    [1.18,1.22]    1.01      1.01      0.85    1.20    1.00
                           0.79       4.52        4.36       4.37        3.91     1.16    [1.14,1.24]    1.03      1.04      0.91    1.22    1.00
                           0.80       4.81        4.55       4.56        3.92     1.23    [1.18,1.25]    1.05      1.06      0.97    1.24    1.00
                           0.81       5.12        4.75       4.77        4.22     1.21    [1.20,1.24]    1.07      1.08      1.00    1.24    1.00
                           0.82       5.43        4.96       4.98        4.50     1.21    [1.19,1.24]    1.09      1.09      1.00    1.25    1.00
                           0.83       5.75        5.18       5.20        4.53     1.27    [1.23,1.30]    1.11      1.11      0.99    1.25    1.00
                           0.84       6.17        5.41       5.43        4.78     1.29    [1.26,1.32]    1.14      1.14      1.00    1.27    1.00
                           0.85       6.67        5.65       5.68        5.19     1.28    [1.26,1.33]    1.17      1.18      1.02    1.31    1.00
                           0.86       7.27        5.89       5.93        5.70     1.28    [1.24,1.33]    1.23      1.23      1.05    1.36    1.00
                           0.87       8.00        6.15       6.19        5.76     1.39    [1.33,1.41]    1.29      1.30      1.09    1.36    1.00
                           0.88       8.98        6.42       6.47        6.39     1.40    [1.34,1.45]    1.39      1.40      1.15    1.40    1.00
                           0.89      10.52       12.62      10.80        7.12     1.48    [1.37,1.64]    0.97      0.83      1.27    1.51    1.00
                           0.90      15.96       13.32      12.53        8.10     1.97    [1.49,2.03]    1.27      1.20      1.78    2.06    1.10
                           0.91      17.44       14.05      13.51       10.70     1.63    [1.55,1.72]    1.29      1.24      1.74    1.99    1.03
                           0.92      19.57       14.83      14.56       11.51     1.70    [1.63,1.75]    1.34      1.32      1.75    2.00    1.02
                           0.93      22.48         nan      23.89       15.02     1.50    [1.47,1.74]    0.94         -      1.74    1.91    1.00
----------------------------------------------------------------------------------------------------------------------------------------------

fidelity ceiling by method
         point         threshold    adaptive_count  fixed_count_mmpp     adaptive_mmpp           learned           optimal               hmm
     tau0.01ms            0.9396            0.9322            0.9456            0.9455            0.9453            0.9453            0.9457
     tau0.03ms            0.9362            0.9305            0.9442            0.9441            0.9435            0.9440            0.9442
      tau0.1ms            0.9362            0.9296            0.9428            0.9442            0.9422            0.9440            0.9439
      tau0.3ms            0.9381            0.9347            0.9451            0.9465            0.9433            0.9444            0.9447
        tau1ms            0.9364            0.9293            0.9436            0.9435            0.9436            0.9437            0.9435

end-to-end speedup including per-shot overhead (F* = 0.85)
     tau0.01ms   0 us: 1.28x,  5 us: 1.14x,  20 us: 1.06x,  100 us: 1.01x
     tau0.03ms   0 us: 1.30x,  5 us: 1.15x,  20 us: 1.06x,  100 us: 1.01x
      tau0.1ms   0 us: 1.30x,  5 us: 1.15x,  20 us: 1.06x,  100 us: 1.01x
      tau0.3ms   0 us: 1.29x,  5 us: 1.15x,  20 us: 1.06x,  100 us: 1.01x
        tau1ms   0 us: 1.28x,  5 us: 1.14x,  20 us: 1.06x,  100 us: 1.01x
