
====================================================================================================
DETECTION-EFFICIENCY SWEEP: run-time reduction at matched balanced fidelity
  eta thins both emission rates, so contrast is unchanged but the sparsity parameter lambda_-/Gamma_-0 falls with eta. This is the sweep that shows where the event-time statistic stops paying.
  detector: non-paralyzable dead time 50 ns, afterpulse p = 0.01 with tau = 100 ns, filter rates corrected
  rate noise: no rate noise
  physics layer: nv_charge_readout_master_v1_4
====================================================================================================
         point  ph/dwell     F*  t_thr(us) t_count(us)  t_fcm(us)  T_mmpp(us)  sp_mmpp         95% CI  sp_fcm  sp_count  sp_learn  sp_opt
--------------------------------------------------------------------------------------------------------------------------------------
       eta0.02       0.5   0.55      26.56       80.65      80.65       25.64     1.04    [1.02,1.06]    0.33      0.33      1.03    1.04
                           0.56      32.18       80.65      80.65       31.08     1.04    [1.01,1.07]    0.40      0.40      1.03    1.04
                           0.57      39.58       80.65      80.65       37.67     1.05    [1.02,1.07]    0.49      0.49      1.05    1.02
                           0.58      47.58       80.65      80.65       45.35     1.05    [1.02,1.08]    0.59      0.59      1.04    1.00
                           0.59      59.38       80.65      80.65       54.46     1.09    [1.04,1.13]    0.74      0.74      1.06    1.05
                           0.60      70.81       80.65      80.65       65.40     1.08    [1.06,1.11]    0.88      0.88      1.06    1.03
                           0.61      86.55       80.65      80.65       80.65     1.07    [0.84,1.09]    1.07      1.07      1.09    1.07
                           0.62     107.33       98.95      98.95      104.97     1.02    [0.86,1.10]    1.08      1.08      1.09    1.10
                           0.63     130.90      125.89     127.36      136.17     0.96    [0.88,1.12]    1.03      1.04      1.10    1.12
                           0.64     185.50      171.41     172.30      176.06     1.05    [0.70,1.16]    1.08      1.08      1.13    1.14
--------------------------------------------------------------------------------------------------------------------------------------
       eta0.05       1.4   0.55      10.70       32.18      32.18       10.38     1.03    [1.01,1.06]    0.33      0.33      1.12    0.99
                           0.56      13.29       32.18      32.18       12.87     1.03    [1.01,1.05]    0.41      0.41      1.07    1.01
                           0.57      15.77       32.18      32.18       15.16     1.04    [1.03,1.06]    0.49      0.49      1.04    1.02
                           0.58      18.16       32.18      32.18       17.24     1.05    [1.03,1.07]    0.56      0.56      1.05    1.02
                           0.59      20.66       32.18      32.18       19.59     1.05    [1.03,1.08]    0.64      0.64      1.06    1.03
                           0.60      23.78       32.18      32.18       22.26     1.07    [0.78,1.08]    0.74      0.74      1.08    1.05
                           0.61      26.73       32.18      32.18       32.18     0.83    [0.79,0.89]    0.83      0.83      1.08    1.05
                           0.62      29.76       32.18      32.18       32.18     0.92    [0.88,0.99]    0.92      0.92      1.06    1.05
                           0.63      33.64       32.18      32.18       32.18     1.05    [0.98,1.08]    1.05      1.05      1.07    1.08
                           0.64      37.86       36.82      36.82       34.68     1.09    [1.04,1.10]    1.03      1.03      1.08    1.08
                           0.65      42.51       39.83      39.83       38.44     1.11    [1.09,1.12]    1.07      1.07      1.10    1.09
                           0.66      47.12       43.08      43.08       46.96     1.00    [0.97,1.12]    1.09      1.09      1.10    1.09
                           0.67      52.44       46.61      46.61       46.96     1.12    [0.80,1.13]    1.13      1.13      1.11    1.10
                           0.68      58.68       56.78      56.82       67.79     0.87    [0.82,0.92]    1.03      1.03      1.12    1.13
                           0.69      65.41       61.19      61.28       67.79     0.96    [0.90,1.04]    1.07      1.07      1.12    1.12
                           0.70      75.35       65.94      66.10       67.79     1.11    [1.01,1.18]    1.14      1.14      1.14    1.16
                           0.71      89.27       85.24      85.43       81.01     1.10    [1.04,1.21]    1.04      1.05      1.19    1.20
                           0.72     108.63       93.70      93.75       88.70     1.22    [0.92,1.26]    1.16      1.16      1.22    1.23
--------------------------------------------------------------------------------------------------------------------------------------
       eta0.15       4.1   0.55       3.59       10.69      10.69        3.38     1.06    [1.04,1.09]    0.34      0.34      0.72    0.96
                           0.56       4.27       10.69      10.69        4.09     1.04    [1.03,1.06]    0.40      0.40      0.86    0.95
                           0.57       5.06       10.69      10.69        4.82     1.05    [1.03,1.07]    0.47      0.47      1.00    0.97
                           0.58       6.03       10.69      10.69        5.54     1.09    [1.06,1.11]    0.56      0.56      1.06    1.01
                           0.59       6.89       10.69      10.69        6.37     1.08    [1.06,1.11]    0.64      0.64      1.07    1.03
                           0.60       7.68       10.69      10.69        7.29     1.05    [1.05,1.07]    0.72      0.72      1.06    1.03
                           0.61       8.62       10.69      10.69        8.02     1.08    [1.06,1.09]    0.81      0.81      1.06    1.05
                           0.62       9.59       10.69      10.69        8.82     1.09    [1.07,1.10]    0.90      0.90      1.04    1.07
                           0.63      10.63       10.69      10.69        9.69     1.10    [1.07,1.11]    0.99      0.99      1.06    1.07
                           0.64      11.63       10.69      10.69       10.69     1.09    [1.00,1.10]    1.09      1.09      1.07    1.07
                           0.65      12.53       12.35      12.35       11.66     1.07    [1.03,1.10]    1.01      1.01      1.07    1.07
                           0.66      13.65       13.11      13.11       12.30     1.11    [1.10,1.12]    1.04      1.04      1.08    1.08
                           0.67      14.80       13.91      13.91       13.18     1.12    [0.83,1.13]    1.06      1.06      1.08    1.09
                           0.68      16.17       14.76      14.76       17.85     0.91    [0.86,0.94]    1.10      1.10      1.10    1.11
                           0.69      17.47       15.66      15.66       17.85     0.98    [0.94,1.01]    1.12      1.12      1.10    1.13
                           0.70      18.83       16.62      16.62       17.85     1.05    [1.01,1.10]    1.13      1.13      1.11    1.12
                           0.71      20.44       17.64      17.64       17.85     1.14    [1.09,1.17]    1.16      1.16      1.12    1.13
                           0.72      22.32       21.53      21.53       20.47     1.09    [1.09,1.17]    1.04      1.04      1.14    1.16
                           0.73      24.20       22.64      22.64       20.48     1.18    [1.13,1.19]    1.07      1.07      1.15    1.17
                           0.74      25.95       23.80      23.80       21.81     1.19    [1.18,1.20]    1.09      1.09      1.15    1.19
                           0.75      28.09       25.02      25.02       23.34     1.20    [1.19,1.22]    1.12      1.12      1.16    1.20
                           0.76      30.68       26.30      26.30       25.09     1.22    [1.20,1.25]    1.17      1.17      1.18    1.21
                           0.77      33.35       27.65      27.65       26.97     1.24    [1.22,1.25]    1.21      1.21      1.19    1.22
                           0.78      36.87       36.72      36.72       32.01     1.15    [1.15,1.27]    1.00      1.00      1.22    1.26
                           0.79      41.60       39.17      39.17       32.18     1.29    [1.14,1.30]    1.06      1.06      1.26    1.27
                           0.80      47.34       41.79      41.79       39.29     1.20    [1.15,1.32]    1.13      1.13      1.29    1.29
                           0.81      57.04       44.59      44.59       43.55     1.31    [1.25,1.42]    1.28      1.28      1.31    1.33
--------------------------------------------------------------------------------------------------------------------------------------
        eta0.4      11.0   0.55       1.16        3.97       3.97        1.12     1.04    [1.03,1.06]    0.29      0.29      0.23    0.99
                           0.56       1.42        3.97       3.97        1.34     1.07    [1.04,1.09]    0.36      0.36      0.29    1.01
                           0.57       1.67        3.97       3.97        1.59     1.05    [1.04,1.07]    0.42      0.42      0.34    1.01
                           0.58       1.92        3.97       3.97        1.81     1.06    [1.04,1.08]    0.48      0.48      0.39    1.02
                           0.59       2.19        3.97       3.97        2.04     1.07    [1.05,1.10]    0.55      0.55      0.44    1.03
                           0.60       2.48        3.97       3.97        2.29     1.08    [1.06,1.09]    0.62      0.62      0.50    1.05
                           0.61       2.76        3.97       3.97        2.58     1.07    [1.06,1.08]    0.70      0.70      0.56    1.05
                           0.62       3.04        3.97       3.97        2.84     1.07    [1.06,1.08]    0.77      0.77      0.61    1.04
                           0.63       3.34        3.97       3.97        3.10     1.08    [1.06,1.09]    0.84      0.84      0.67    1.03
                           0.64       3.69        3.97       3.97        3.38     1.09    [1.08,1.10]    0.93      0.93      0.74    1.04
                           0.65       4.05        3.97       3.97        3.97     1.02    [1.01,1.10]    1.02      1.02      0.81    1.05
                           0.66       4.46        4.44       4.44        4.16     1.07    [1.05,1.10]    1.01      1.01      0.90    1.07
                           0.67       4.82        4.69       4.69        4.50     1.07    [1.05,1.10]    1.03      1.03      0.97    1.08
                           0.68       5.24        4.95       4.95        4.70     1.11    [1.09,1.13]    1.06      1.06      1.02    1.10
                           0.69       5.71        5.22       5.22        5.00     1.14    [1.12,1.16]    1.09      1.09      1.04    1.13
                           0.70       6.20        5.51       5.51        5.33     1.16    [1.15,1.18]    1.12      1.12      1.07    1.14
                           0.71       6.63        5.82       5.82        5.67     1.17    [1.15,1.18]    1.14      1.14      1.07    1.14
                           0.72       7.08        6.14       6.14        6.04     1.17    [1.16,1.18]    1.15      1.15      1.08    1.14
                           0.73       7.55        6.48       6.48        6.43     1.17    [1.17,1.18]    1.17      1.17      1.09    1.15
                           0.74       8.10        6.84       6.84        6.84     1.18    [1.12,1.19]    1.18      1.18      1.10    1.17
                           0.75       8.68        7.22       7.22        7.44     1.17    [1.13,1.20]    1.20      1.20      1.11    1.19
                           0.76       9.21        9.10       9.10        8.95     1.03    [1.02,1.21]    1.01      1.01      1.11    1.20
                           0.77       9.79        9.48       9.48        9.03     1.08    [1.05,1.12]    1.03      1.03      1.11    1.21
                           0.78      10.40        9.89       9.89        9.12     1.14    [1.11,1.18]    1.05      1.05      1.11    1.21
                           0.79      11.10       10.31      10.31        9.20     1.21    [1.17,1.24]    1.08      1.08      1.12    1.21
                           0.80      11.87       10.74      10.74        9.47     1.25    [1.24,1.27]    1.11      1.11      1.13    1.22
                           0.81      12.80       11.20      11.20       10.04     1.28    [1.25,1.28]    1.14      1.14      1.15    1.24
                           0.82      13.83       11.68      11.68       11.90     1.16    [1.16,1.27]    1.18      1.18      1.17    1.27
                           0.83      15.00       12.17      12.17       11.92     1.26    [1.21,1.32]    1.23      1.23      1.20    1.30
                           0.84      16.36       12.69      12.69       12.68     1.29    [1.26,1.34]    1.29      1.29      1.22    1.31
                           0.85      17.90       13.23      13.23       13.17     1.36    [1.21,1.37]    1.35      1.35      1.24    1.33
                           0.86      20.01       19.62      19.57       15.76     1.27    [1.21,1.36]    1.02      1.02      1.29    1.38
                           0.87      22.91       21.42      21.29       17.33     1.32    [1.31,1.44]    1.08      1.07      1.33    1.40
                           0.88      31.06       41.07      23.86       20.97     1.48    [1.28,2.22]    1.30      0.76      1.62    1.69
                           0.89      53.91         nan      44.82       22.23     2.42    [1.69,2.62]    1.20         -      2.30    2.45
--------------------------------------------------------------------------------------------------------------------------------------
          eta1      27.4   0.55       0.50        1.60       1.60        0.47     1.06    [1.04,1.07]    0.31      0.31      0.10    0.97
                           0.56       0.60        1.60       1.60        0.57     1.06    [1.04,1.08]    0.38      0.38      0.12    0.97
                           0.57       0.71        1.60       1.60        0.68     1.04    [1.03,1.06]    0.44      0.44      0.14    0.97
                           0.58       0.83        1.60       1.60        0.77     1.08    [1.05,1.10]    0.52      0.52      0.17    1.00
                           0.59       0.95        1.60       1.60        0.88     1.09    [1.06,1.11]    0.60      0.60      0.19    1.02
                           0.60       1.08        1.60       1.60        1.00     1.08    [1.06,1.10]    0.68      0.68      0.22    1.04
                           0.61       1.20        1.60       1.60        1.11     1.08    [1.06,1.09]    0.75      0.75      0.24    1.05
                           0.62       1.32        1.60       1.60        1.21     1.09    [1.07,1.10]    0.83      0.83      0.27    1.07
                           0.63       1.44        1.60       1.60        1.33     1.09    [1.08,1.10]    0.90      0.90      0.29    1.07
                           0.64       1.58        1.60       1.60        1.45     1.09    [1.00,1.10]    0.99      0.99      0.32    1.08
                           0.65       1.72        1.60       1.60        1.60     1.08    [1.03,1.09]    1.08      1.08      0.35    1.09
                           0.66       1.87        1.83       1.83        1.77     1.06    [1.05,1.10]    1.02      1.02      0.38    1.10
                           0.67       2.01        1.93       1.93        1.84     1.09    [1.08,1.11]    1.04      1.04      0.40    1.10
                           0.68       2.14        2.03       2.03        1.92     1.12    [1.11,1.12]    1.06      1.06      0.43    1.10
                           0.69       2.29        2.13       2.13        2.03     1.12    [1.11,1.13]    1.07      1.07      0.46    1.11
                           0.70       2.44        2.24       2.24        2.15     1.13    [1.12,1.15]    1.09      1.09      0.49    1.11
                           0.71       2.61        2.36       2.36        2.28     1.15    [1.13,1.16]    1.11      1.11      0.53    1.13
                           0.72       2.80        2.48       2.48        2.41     1.16    [1.15,1.17]    1.13      1.13      0.56    1.15
                           0.73       2.98        2.61       2.61        2.56     1.17    [1.16,1.17]    1.14      1.14      0.60    1.16
                           0.74       3.18        2.74       2.74        2.71     1.17    [1.16,1.18]    1.16      1.16      0.64    1.15
                           0.75       3.39        2.88       2.88        2.86     1.18    [1.17,1.19]    1.17      1.17      0.68    1.16
                           0.76       3.61        3.03       3.03        3.33     1.09    [1.06,1.20]    1.19      1.19      0.73    1.17
                           0.77       3.85        3.19       3.19        3.33     1.16    [1.12,1.20]    1.21      1.21      0.77    1.18
                           0.78       4.11        4.10       4.10        3.50     1.17    [1.17,1.22]    1.00      1.00      0.83    1.20
                           0.79       4.38        4.27       4.27        3.57     1.23    [1.14,1.24]    1.02      1.02      0.88    1.22
                           0.80       4.66        4.46       4.46        3.92     1.19    [1.16,1.23]    1.05      1.05      0.94    1.24
                           0.81       4.94        4.65       4.65        3.93     1.26    [1.21,1.26]    1.06      1.06      0.99    1.24
                           0.82       5.26        4.85       4.85        4.31     1.22    [1.19,1.23]    1.09      1.09      1.00    1.24
                           0.83       5.66        5.06       5.06        4.52     1.25    [1.21,1.29]    1.12      1.12      1.01    1.26
                           0.84       6.08        5.27       5.27        4.72     1.29    [1.27,1.32]    1.15      1.15      1.02    1.28
                           0.85       6.53        5.50       5.50        5.07     1.29    [1.27,1.34]    1.19      1.19      1.04    1.31
                           0.86       7.08        5.73       5.73        5.63     1.26    [1.23,1.32]    1.24      1.24      1.06    1.35
                           0.87       7.74        5.98       5.98        5.74     1.35    [1.29,1.39]    1.29      1.29      1.09    1.36
                           0.88       8.58        6.24       6.24        6.17     1.39    [1.37,1.42]    1.38      1.38      1.14    1.39
                           0.89       9.49        6.50       6.50        6.50     1.46    [1.34,1.47]    1.46      1.46      1.19    1.43
                           0.90      11.69       12.89      11.88        7.16     1.63    [1.44,1.89]    0.98      0.91      1.37    1.64
                           0.91      15.90       13.52      13.03        8.46     1.88    [1.49,1.98]    1.22      1.18      1.69    1.96
                           0.92      17.31       14.19      13.97       10.70     1.62    [1.51,1.66]    1.24      1.22      1.63    1.88
                           0.93      19.20       14.89      14.96       11.56     1.66    [1.52,1.69]    1.28      1.29      1.60    1.81
                           0.94      23.76         nan      32.32       14.88     1.60    [0.69,1.70]    0.74         -      1.65    1.88
--------------------------------------------------------------------------------------------------------------------------------------

fidelity ceiling by method
         point         threshold    adaptive_count  fixed_count_mmpp     adaptive_mmpp           learned           optimal
       eta0.02            0.6417            0.6412            0.6431            0.6431            0.6420            0.6422
       eta0.05            0.7278            0.7253            0.7290            0.7285            0.7288            0.7285
       eta0.15            0.8171            0.8149            0.8226            0.8235            0.8237            0.8233
        eta0.4            0.8917            0.8889            0.8991            0.8991            0.8994            0.8994
          eta1            0.9423            0.9375            0.9451            0.9485            0.9480            0.9484

end-to-end speedup including per-shot overhead (F* = 0.85)
       eta0.02   0 us: n/a,  5 us: n/a,  20 us: n/a,  100 us: n/a
       eta0.05   0 us: n/a,  5 us: n/a,  20 us: n/a,  100 us: n/a
       eta0.15   0 us: n/a,  5 us: n/a,  20 us: n/a,  100 us: n/a
        eta0.4   0 us: 1.36x,  5 us: 1.26x,  20 us: 1.14x,  100 us: 1.04x
          eta1   0 us: 1.29x,  5 us: 1.15x,  20 us: 1.06x,  100 us: 1.01x
