
====================================================================================================
DETECTION-EFFICIENCY SWEEP: run-time reduction at matched balanced fidelity
  eta thins both emission rates, so contrast is unchanged but the sparsity parameter lambda_-/Gamma_-0 falls with eta. This is the sweep that shows where the event-time statistic stops paying.
  detector: ideal detector (no dead time, no afterpulsing)
  rate noise: no rate noise
  physics layer: nv_charge_readout_master_v1_4
====================================================================================================
         point  ph/dwell     F*  t_thr(us) t_count(us)  t_fcm(us)  T_mmpp(us)  sp_mmpp         95% CI  sp_fcm  sp_count  sp_learn  sp_opt
--------------------------------------------------------------------------------------------------------------------------------------
       eta0.02       0.5   0.55      30.06       81.24      81.24       28.61     1.05    [1.00,1.08]    0.37      0.37      1.08    1.03
                           0.56      37.28       81.24      81.24       35.80     1.04    [1.02,1.06]    0.46      0.46      1.07    1.02
                           0.57      46.24       81.24      81.24       43.81     1.06    [1.03,1.09]    0.57      0.57      1.05    1.03
                           0.58      56.14       81.24      81.24       52.45     1.07    [1.04,1.11]    0.69      0.69      1.05    1.06
                           0.59      67.90       81.24      81.24       62.79     1.08    [1.05,1.11]    0.84      0.84      1.06    1.05
                           0.60      80.95       81.24      81.24       75.17     1.08    [0.84,1.10]    1.00      1.00      1.07    1.06
                           0.61      97.46       94.32      94.32      105.80     0.92    [0.86,1.02]    1.03      1.03      1.07    1.07
                           0.62     117.07      117.79     117.95      137.30     0.85    [0.84,1.09]    0.99      0.99      1.10    1.09
                           0.63     140.34      132.06     134.04      137.30     1.02    [0.93,1.13]    1.05      1.06      1.11    1.09
                           0.64     195.12      174.23          -      177.56     1.10    [0.89,1.15]       -      1.12      1.11    1.14
--------------------------------------------------------------------------------------------------------------------------------------
       eta0.05       1.4   0.55      10.20       32.08      32.08        9.79     1.04    [1.02,1.06]    0.32      0.32      1.02    1.00
                           0.56      12.39       32.08      32.08       11.74     1.06    [1.03,1.08]    0.39      0.39      1.05    0.99
                           0.57      14.67       32.08      32.08       14.07     1.04    [1.03,1.06]    0.46      0.46      1.05    0.99
                           0.58      17.30       32.08      32.08       16.21     1.07    [1.04,1.09]    0.54      0.54      1.06    1.01
                           0.59      20.08       32.08      32.08       18.67     1.08    [1.05,1.10]    0.63      0.63      1.04    1.03
                           0.60      23.15       32.08      32.08       21.49     1.08    [1.06,1.10]    0.72      0.72      1.06    1.05
                           0.61      26.32       32.08      32.08       32.08     0.82    [0.79,1.08]    0.82      0.82      1.06    1.04
                           0.62      30.02       32.08      32.08       32.08     0.94    [0.87,1.00]    0.94      0.94      1.07    1.06
                           0.63      33.99       32.08      32.08       32.08     1.06    [1.00,1.09]    1.06      1.06      1.08    1.08
                           0.64      38.27       37.29      37.29       35.27     1.09    [1.04,1.11]    1.03      1.03      1.08    1.08
                           0.65      42.95       40.44      40.44       38.89     1.10    [1.00,1.12]    1.06      1.06      1.09    1.08
                           0.66      48.05       43.86      43.86       46.82     1.03    [0.98,1.12]    1.10      1.10      1.10    1.09
                           0.67      54.61       53.77      53.84       48.11     1.14    [0.81,1.14]    1.01      1.02      1.13    1.12
                           0.68      60.51       57.55      57.98       67.61     0.89    [0.85,0.96]    1.04      1.05      1.13    1.13
                           0.69      68.04       61.59      62.43       67.61     1.01    [0.94,1.08]    1.09      1.10      1.14    1.14
                           0.70      76.28       65.92      67.23       67.61     1.13    [1.01,1.18]    1.13      1.16      1.15    1.17
                           0.71      88.15       84.79      86.40       81.16     1.09    [1.02,1.19]    1.02      1.04      1.18    1.18
                           0.72     103.77       92.52      93.58       85.56     1.21    [1.00,1.24]    1.11      1.12      1.21    1.20
--------------------------------------------------------------------------------------------------------------------------------------
       eta0.15       4.1   0.55       3.16       10.64      10.64        3.02     1.05    [1.03,1.07]    0.30      0.30      0.64    1.04
                           0.56       3.81       10.64      10.64        3.61     1.06    [1.03,1.08]    0.36      0.36      0.77    1.03
                           0.57       4.51       10.64      10.64        4.32     1.04    [1.03,1.06]    0.42      0.42      0.91    1.02
                           0.58       5.36       10.64      10.64        4.99     1.07    [1.06,1.10]    0.50      0.50      1.02    1.04
                           0.59       6.21       10.64      10.64        5.71     1.09    [1.06,1.11]    0.58      0.58      1.05    1.05
                           0.60       7.07       10.64      10.64        6.53     1.08    [1.06,1.10]    0.66      0.66      1.06    1.05
                           0.61       7.91       10.64      10.64        7.41     1.07    [1.06,1.09]    0.74      0.74      1.05    1.05
                           0.62       8.93       10.64      10.64        8.17     1.09    [1.07,1.11]    0.84      0.84      1.05    1.07
                           0.63       9.95       10.64      10.64        9.02     1.10    [1.09,1.12]    0.94      0.94      1.04    1.07
                           0.64      10.93       10.64      10.64        9.95     1.10    [1.05,1.11]    1.03      1.03      1.06    1.07
                           0.65      11.90       11.87      11.87       11.62     1.02    [1.01,1.10]    1.00      1.00      1.07    1.07
                           0.66      12.94       12.59      12.59       11.74     1.10    [1.07,1.11]    1.03      1.03      1.08    1.07
                           0.67      14.11       13.35      13.35       12.69     1.11    [0.84,1.12]    1.06      1.06      1.09    1.08
                           0.68      15.44       14.17      14.17       17.76     0.87    [0.84,1.12]    1.09      1.09      1.11    1.11
                           0.69      16.82       15.03      15.03       17.76     0.95    [0.91,0.99]    1.12      1.12      1.12    1.13
                           0.70      18.16       15.94      15.94       17.76     1.02    [0.98,1.07]    1.14      1.14      1.12    1.14
                           0.71      19.53       16.91      16.91       17.76     1.10    [1.06,1.15]    1.15      1.15      1.12    1.14
                           0.72      21.03       20.87      20.87       18.66     1.13    [1.12,1.17]    1.01      1.01      1.13    1.14
                           0.73      22.66       21.90      21.90       20.39     1.11    [1.09,1.17]    1.03      1.03      1.14    1.15
                           0.74      24.51       22.97      22.97       20.79     1.18    [1.14,1.20]    1.07      1.07      1.15    1.17
                           0.75      26.63       24.10      24.10       22.01     1.21    [1.19,1.22]    1.10      1.10      1.17    1.20
                           0.76      28.74       25.29      25.29       23.67     1.21    [1.20,1.23]    1.14      1.14      1.17    1.20
                           0.77      31.46       26.53      26.53       25.48     1.23    [1.21,1.25]    1.19      1.19      1.20    1.22
                           0.78      34.18       27.84      27.84       27.43     1.25    [1.23,1.26]    1.23      1.23      1.21    1.24
                           0.79      37.46       37.28      37.28       31.89     1.17    [1.15,1.27]    1.00      1.00      1.23    1.26
                           0.80      42.56       39.78      39.78       37.11     1.15    [1.14,1.30]    1.07      1.07      1.27    1.28
                           0.81      49.47       42.44      42.44       39.51     1.25    [1.17,1.34]    1.17      1.17      1.30    1.32
                           0.82      60.83       45.28      45.28       44.81     1.36    [1.29,1.42]    1.34      1.34      1.36    1.35
--------------------------------------------------------------------------------------------------------------------------------------
        eta0.4      11.0   0.55       1.20        3.99       3.99        1.15     1.04    [1.03,1.07]    0.30      0.30      0.24    1.02
                           0.56       1.47        3.99       3.99        1.39     1.06    [1.03,1.08]    0.37      0.37      0.30    1.03
                           0.57       1.75        3.99       3.99        1.68     1.04    [1.03,1.06]    0.44      0.44      0.35    1.03
                           0.58       2.04        3.99       3.99        1.90     1.07    [1.05,1.09]    0.51      0.51      0.41    1.04
                           0.59       2.32        3.99       3.99        2.16     1.07    [1.05,1.09]    0.58      0.58      0.47    1.04
                           0.60       2.61        3.99       3.99        2.45     1.07    [1.05,1.08]    0.66      0.66      0.53    1.05
                           0.61       2.92        3.99       3.99        2.74     1.07    [1.05,1.08]    0.73      0.73      0.59    1.05
                           0.62       3.22        3.99       3.99        2.99     1.08    [1.06,1.09]    0.81      0.81      0.65    1.05
                           0.63       3.55        3.99       3.99        3.26     1.09    [1.07,1.10]    0.89      0.89      0.71    1.05
                           0.64       3.87        3.99       3.99        3.56     1.09    [1.02,1.10]    0.97      0.97      0.78    1.06
                           0.65       4.22        3.99       3.99        3.99     1.06    [1.02,1.09]    1.06      1.06      0.85    1.07
                           0.66       4.59        4.52       4.52        4.19     1.09    [1.05,1.10]    1.02      1.02      0.92    1.08
                           0.67       4.98        4.77       4.77        4.57     1.09    [1.07,1.11]    1.04      1.04      1.00    1.10
                           0.68       5.37        5.03       5.03        4.79     1.12    [1.10,1.13]    1.07      1.07      1.01    1.11
                           0.69       5.75        5.31       5.31        5.10     1.13    [1.12,1.14]    1.08      1.08      1.02    1.12
                           0.70       6.15        5.61       5.61        5.42     1.14    [1.12,1.15]    1.10      1.10      1.03    1.12
                           0.71       6.56        5.92       5.92        5.76     1.14    [1.13,1.15]    1.11      1.11      1.03    1.11
                           0.72       7.02        6.25       6.25        6.12     1.15    [1.13,1.16]    1.12      1.12      1.04    1.11
                           0.73       7.60        6.59       6.59        6.51     1.17    [1.16,1.18]    1.15      1.15      1.06    1.13
                           0.74       8.15        6.96       6.96        6.89     1.18    [1.12,1.19]    1.17      1.17      1.07    1.15
                           0.75       8.74        7.34       7.34        7.47     1.17    [1.02,1.20]    1.19      1.19      1.08    1.16
                           0.76       9.39        9.20       9.20        8.98     1.05    [1.02,1.20]    1.02      1.02      1.09    1.19
                           0.77      10.02        9.60       9.61        9.08     1.10    [1.07,1.14]    1.04      1.04      1.10    1.20
                           0.78      10.70       10.02      10.04        9.19     1.16    [1.13,1.20]    1.07      1.07      1.11    1.20
                           0.79      11.48       10.46      10.48        9.30     1.24    [1.20,1.25]    1.10      1.10      1.12    1.21
                           0.80      12.37       10.92      10.95        9.82     1.26    [1.25,1.27]    1.13      1.13      1.14    1.22
                           0.81      13.38       11.40      11.44       10.66     1.26    [1.17,1.28]    1.17      1.17      1.16    1.25
                           0.82      14.52       11.90      11.95       11.97     1.21    [1.17,1.27]    1.22      1.22      1.19    1.29
                           0.83      15.73       12.43      12.48       12.01     1.31    [1.24,1.32]    1.26      1.27      1.20    1.30
                           0.84      17.09       12.97      13.03       12.91     1.32    [1.28,1.35]    1.31      1.32      1.22    1.32
                           0.85      18.72       18.59      18.71       15.27     1.23    [1.19,1.36]    1.00      1.01      1.25    1.35
                           0.86      20.81       20.18      20.12       15.86     1.31    [1.24,1.38]    1.03      1.03      1.28    1.37
                           0.87      23.60       21.90      21.64       17.51     1.35    [1.30,1.44]    1.09      1.08      1.31    1.39
                           0.88      43.73       42.44      24.07       22.28     1.96    [1.26,2.22]    1.82      1.03      2.19    2.32
                           0.89      57.37         nan      44.02       22.57     2.54    [1.73,2.80]    1.30         -      2.52    2.58
--------------------------------------------------------------------------------------------------------------------------------------
          eta1      27.4   0.55       0.45        1.59       1.59        0.44     1.03    [1.02,1.10]    0.28      0.28      0.09    1.02
                           0.56       0.54        1.59       1.59        0.52     1.05    [1.03,1.07]    0.34      0.34      0.11    1.02
                           0.57       0.64        1.59       1.59        0.61     1.05    [1.04,1.07]    0.41      0.41      0.13    1.03
                           0.58       0.74        1.59       1.59        0.70     1.05    [1.04,1.08]    0.47      0.47      0.15    1.02
                           0.59       0.86        1.59       1.59        0.80     1.08    [1.06,1.10]    0.54      0.54      0.17    1.04
                           0.60       0.98        1.59       1.59        0.90     1.08    [1.07,1.10]    0.62      0.62      0.20    1.05
                           0.61       1.10        1.59       1.59        1.02     1.08    [1.06,1.09]    0.69      0.69      0.22    1.06
                           0.62       1.22        1.59       1.59        1.12     1.09    [1.08,1.11]    0.77      0.77      0.24    1.07
                           0.63       1.35        1.59       1.59        1.22     1.11    [1.09,1.12]    0.85      0.85      0.27    1.08
                           0.64       1.46        1.59       1.59        1.32     1.10    [1.09,1.11]    0.92      0.92      0.29    1.08
                           0.65       1.58        1.59       1.59        1.44     1.10    [1.01,1.11]    1.00      1.00      0.32    1.07
                           0.66       1.72        1.59       1.59        1.59     1.08    [1.05,1.10]    1.08      1.08      0.35    1.07
                           0.67       1.86        1.83       1.83        1.76     1.06    [1.05,1.11]    1.02      1.02      0.37    1.07
                           0.68       2.02        1.93       1.93        1.83     1.10    [1.08,1.12]    1.05      1.05      0.41    1.08
                           0.69       2.19        2.03       2.03        1.93     1.13    [1.12,1.14]    1.08      1.08      0.44    1.09
                           0.70       2.34        2.14       2.14        2.06     1.14    [1.13,1.15]    1.09      1.09      0.47    1.10
                           0.71       2.51        2.26       2.26        2.20     1.14    [1.13,1.16]    1.11      1.11      0.51    1.11
                           0.72       2.72        2.38       2.38        2.35     1.16    [1.15,1.18]    1.14      1.14      0.55    1.14
                           0.73       2.92        2.51       2.51        2.50     1.17    [1.16,1.18]    1.16      1.16      0.59    1.15
                           0.74       3.12        2.65       2.65        2.65     1.18    [1.17,1.19]    1.18      1.18      0.63    1.15
                           0.75       3.35        2.79       2.79        2.81     1.19    [1.18,1.20]    1.20      1.20      0.67    1.17
                           0.76       3.59        2.94       2.94        3.32     1.08    [1.06,1.21]    1.22      1.22      0.72    1.18
                           0.77       3.79        3.10       3.10        3.32     1.14    [1.11,1.18]    1.22      1.22      0.76    1.18
                           0.78       4.00        3.27       3.27        3.32     1.21    [1.17,1.22]    1.22      1.22      0.80    1.18
                           0.79       4.27        4.20       4.20        3.52     1.21    [1.14,1.23]    1.02      1.02      0.86    1.20
                           0.80       4.58        4.39       4.39        3.90     1.17    [1.14,1.23]    1.04      1.04      0.92    1.23
                           0.81       4.88        4.58       4.58        3.90     1.25    [1.21,1.27]    1.06      1.06      0.98    1.25
                           0.82       5.20        4.78       4.78        4.25     1.22    [1.19,1.23]    1.09      1.09      1.00    1.25
                           0.83       5.55        4.99       4.99        4.48     1.24    [1.20,1.28]    1.11      1.11      1.00    1.26
                           0.84       5.94        5.21       5.21        4.70     1.26    [1.25,1.31]    1.14      1.14      1.01    1.28
                           0.85       6.41        5.44       5.44        4.82     1.33    [1.27,1.34]    1.18      1.18      1.03    1.31
                           0.86       6.94        5.68       5.68        5.49     1.26    [1.24,1.32]    1.22      1.22      1.05    1.35
                           0.87       7.55        5.93       5.93        5.66     1.33    [1.29,1.39]    1.27      1.27      1.07    1.38
                           0.88       8.30        6.19       6.19        5.91     1.40    [1.36,1.42]    1.34      1.34      1.11    1.39
                           0.89       9.32        6.46       6.46        6.48     1.44    [1.34,1.46]    1.44      1.44      1.17    1.44
                           0.90      11.24       12.81      11.46        7.09     1.59    [1.44,1.94]    0.98      0.88      1.32    1.60
                           0.91      16.35       13.48      12.82        8.08     2.02    [1.58,2.06]    1.28      1.21      1.76    2.07
                           0.92      17.74       14.18      13.73       11.25     1.58    [1.54,1.66]    1.29      1.25      1.69    1.98
                           0.93      19.66       14.91      14.69       11.65     1.69    [1.58,1.73]    1.34      1.32      1.66    1.92
                           0.94      25.01         nan      26.69       14.80     1.69    [1.48,1.79]    0.94         -      1.66    2.03
--------------------------------------------------------------------------------------------------------------------------------------

fidelity ceiling by method
         point         threshold    adaptive_count  fixed_count_mmpp     adaptive_mmpp           learned           optimal
       eta0.02            0.6432            0.6412            0.6353            0.6433            0.6436            0.6431
       eta0.05            0.7299            0.7270            0.7312            0.7307            0.7308            0.7300
       eta0.15            0.8217            0.8217            0.8294            0.8294            0.8295            0.8294
        eta0.4            0.8903            0.8883            0.9016            0.9022            0.9012            0.9022
          eta1            0.9404            0.9370            0.9471            0.9471            0.9469            0.9468

end-to-end speedup including per-shot overhead (F* = 0.85)
       eta0.02   0 us: n/a,  5 us: n/a,  20 us: n/a,  100 us: n/a
       eta0.05   0 us: n/a,  5 us: n/a,  20 us: n/a,  100 us: n/a
       eta0.15   0 us: n/a,  5 us: n/a,  20 us: n/a,  100 us: n/a
        eta0.4   0 us: 1.23x,  5 us: 1.17x,  20 us: 1.10x,  100 us: 1.03x
          eta1   0 us: 1.33x,  5 us: 1.16x,  20 us: 1.06x,  100 us: 1.02x
