
====================================================================================================
PHOTON-COUNTING SNR SWEEP AT FIXED SPARSITY: run-time reduction at matched balanced fidelity
  SNR is not an independent axis: SNR^2 = n (1-r)^2 / (p_b + (1-p_b) r) in terms of sparsity, dark/bright rate ratio and bright fraction. This sweep isolates it at FIXED photons per bright dwell, which the efficiency sweep cannot do because eta moves both. It reaches SNR < 1, which the contrast grid (SNR 5.4-14.9) never does.
  detector: ideal detector (no dead time, no afterpulsing)
  rate noise: no rate noise
  physics layer: nv_charge_readout_master_v1_4
====================================================================================================
         point  ph/dwell     F*  t_thr(us) t_count(us)  t_fcm(us)  T_mmpp(us)  sp_mmpp         95% CI  sp_fcm  sp_count  sp_learn  sp_opt
--------------------------------------------------------------------------------------------------------------------------------------
        snr0.5      27.4   0.55      37.93       43.49      34.90       32.47     1.17    [0.90,2.08]    1.09      0.87      1.58    1.59
                           0.56      82.18      108.63      68.69       51.38     1.60    [0.89,2.10]    1.20      0.76      2.07    1.87
--------------------------------------------------------------------------------------------------------------------------------------
          snr1      27.4   0.55       5.92        5.94       6.48        6.50     0.91    [0.85,1.51]    0.91      1.00      0.79    1.21
                           0.56      10.41       14.68      14.94        8.83     1.18    [0.85,2.00]    0.70      0.71      1.35    1.53
                           0.57      21.29       17.46      19.73       10.60     2.01    [0.87,2.36]    1.08      1.22      1.82    1.93
                           0.58      28.35       40.03      28.62       26.08     1.09    [0.89,2.40]    0.99      0.71      1.54    1.64
                           0.59      40.93       41.45      39.86       35.52     1.15    [1.08,1.66]    1.03      0.99      1.52    1.65
                           0.60      60.22       45.55      56.63       49.36     1.22    [0.83,1.71]    1.06      1.32      1.54    1.62
                           0.61     107.77      109.53      82.34       76.97     1.40    [0.89,1.77]    1.31      0.98      1.82    1.89
--------------------------------------------------------------------------------------------------------------------------------------
          snr2      27.4   0.55       1.89        1.87       2.02        1.66     1.14    [0.81,1.21]    0.94      1.01      0.34    1.13
                           0.56       2.70        2.34       2.41        2.60     1.04    [0.88,1.32]    1.12      1.15      0.48    1.30
                           0.57       4.29        5.48       5.45        3.05     1.41    [1.04,1.81]    0.79      0.78      0.77    1.46
                           0.58       6.08        5.99       6.01        5.34     1.14    [1.04,1.96]    1.01      1.02      1.04    1.50
                           0.59       7.26        6.55       6.64        5.99     1.21    [1.08,1.36]    1.09      1.11      1.11    1.39
                           0.60       9.59        7.16       8.28        8.04     1.19    [1.04,1.43]    1.16      1.34      1.31    1.50
                           0.61      11.75       16.57      12.68        8.04     1.46    [1.00,1.50]    0.93      0.71      1.38    1.48
                           0.62      13.33       16.82      16.50       12.66     1.05    [0.96,1.47]    0.81      0.79      1.32    1.33
                           0.63      18.54       17.07      16.89       13.91     1.33    [1.02,1.38]    1.10      1.09      1.54    1.54
                           0.64      19.74       38.52      17.36       18.61     1.06    [1.00,1.34]    1.14      0.51      1.38    1.40
                           0.65      25.53       39.14      28.03       20.02     1.28    [1.01,1.41]    0.91      0.65      1.49    1.56
                           0.66      29.83       39.93      33.19       20.24     1.47    [1.17,1.59]    0.90      0.75      1.46    1.50
                           0.67      37.97       41.05      35.77       31.49     1.21    [1.12,1.58]    1.06      0.93      1.57    1.62
                           0.68      41.31       42.20      40.65       35.38     1.17    [1.12,1.29]    1.02      0.98      1.46    1.54
                           0.69      52.32      102.64      44.49       47.61     1.10    [0.90,1.51]    1.18      0.51      1.58    1.69
                           0.70      80.52      105.16      65.73       61.57     1.31    [1.05,1.72]    1.23      0.77      2.03    2.10
--------------------------------------------------------------------------------------------------------------------------------------
          snr4      27.4   0.55       0.94        1.52       1.52        0.88     1.06    [1.02,1.10]    0.62      0.62      0.19    1.08
                           0.56       1.14        1.52       1.52        1.05     1.09    [0.79,1.11]    0.75      0.75      0.23    1.08
                           0.57       1.43        1.52       1.52        1.52     0.94    [0.82,1.06]    0.94      0.94      0.29    1.12
                           0.58       1.71        1.52       1.52        1.52     1.13    [1.00,1.15]    1.13      1.13      0.34    1.14
                           0.59       2.02        1.93       1.96        1.79     1.13    [1.09,1.18]    1.03      1.05      0.41    1.15
                           0.60       2.35        2.14       2.22        2.00     1.18    [1.13,1.25]    1.06      1.10      0.47    1.16
                           0.61       2.79        2.38       2.52        2.24     1.25    [1.17,1.29]    1.11      1.17      0.56    1.23
                           0.62       3.26        2.65       2.85        2.51     1.30    [1.11,1.31]    1.14      1.23      0.65    1.27
                           0.63       3.98        2.95       4.36        2.97     1.34    [1.07,1.35]    0.91      1.35      0.80    1.31
                           0.64       6.65        7.07       6.98        3.81     1.74    [1.10,1.75]    0.95      0.94      1.31    1.90
                           0.65       7.11        7.18       7.12        4.80     1.48    [1.36,1.53]    1.00      0.99      1.28    1.74
                           0.66       7.65        7.30       7.27        5.09     1.50    [1.32,1.56]    1.05      1.05      1.24    1.56
                           0.67       8.37        7.43       7.42        5.90     1.42    [1.33,1.52]    1.13      1.13      1.24    1.46
                           0.68       9.33        7.55       9.45        8.00     1.17    [0.91,1.57]    0.99      1.24      1.24    1.42
                           0.69      12.41       14.44      14.13       10.72     1.16    [0.94,1.19]    0.88      0.86      1.50    1.68
                           0.70      13.06       14.87      14.52       10.82     1.21    [1.17,1.24]    0.90      0.88      1.42    1.59
                           0.71      13.74       15.33      14.93       10.92     1.26    [1.15,1.32]    0.92      0.90      1.36    1.51
                           0.72      15.05       15.80      15.34       12.09     1.25    [1.17,1.39]    0.98      0.95      1.34    1.42
                           0.73      17.87       16.58      15.77       12.30     1.45    [1.20,1.52]    1.13      1.08      1.44    1.48
                           0.74      20.06       17.41      17.07       15.28     1.31    [1.24,1.46]    1.18      1.15      1.45    1.48
                           0.75      22.34       18.27      28.78       15.44     1.45    [1.34,1.66]    0.78      1.22      1.42    1.49
                           0.76      27.03       37.61      30.49       17.83     1.52    [1.02,1.69]    0.89      0.72      1.52    1.64
                           0.77      33.26       38.76      35.97       26.67     1.25    [1.06,1.30]    0.92      0.86      1.67    1.79
                           0.78      36.29       39.94      36.38       27.99     1.30    [1.23,1.52]    1.00      0.91      1.63    1.71
                           0.79      44.47       41.45      38.86       29.42     1.51    [1.41,1.55]    1.14      1.07      1.80    1.86
                           0.80      51.68         nan      41.91       44.99     1.15    [1.06,1.83]    1.23         -      1.84    1.94
--------------------------------------------------------------------------------------------------------------------------------------
          snr8      27.4   0.55       0.55        1.56       1.56        0.52     1.04    [1.03,1.07]    0.35      0.35      0.11    1.04
                           0.56       0.67        1.56       1.56        0.63     1.06    [1.03,1.10]    0.43      0.43      0.13    1.04
                           0.57       0.80        1.56       1.56        0.75     1.06    [1.05,1.08]    0.51      0.51      0.16    1.04
                           0.58       0.94        1.56       1.56        0.87     1.09    [1.06,1.12]    0.60      0.60      0.19    1.05
                           0.59       1.10        1.56       1.56        0.99     1.11    [1.08,1.14]    0.70      0.70      0.22    1.07
                           0.60       1.25        1.56       1.56        1.13     1.10    [0.86,1.12]    0.80      0.80      0.25    1.07
                           0.61       1.39        1.56       1.56        1.56     0.89    [0.86,1.10]    0.89      0.89      0.28    1.06
                           0.62       1.56        1.56       1.56        1.56     1.00    [0.94,1.06]    1.00      1.00      0.31    1.07
                           0.63       1.74        1.56       1.56        1.56     1.11    [1.04,1.12]    1.11      1.11      0.35    1.08
                           0.64       1.93        1.87       1.87        1.77     1.09    [1.07,1.13]    1.03      1.03      0.39    1.10
                           0.65       2.14        2.00       2.01        1.87     1.14    [1.05,1.15]    1.07      1.07      0.43    1.12
                           0.66       2.38        2.14       2.15        2.42     0.98    [0.92,1.10]    1.11      1.11      0.48    1.16
                           0.67       2.60        2.30       2.30        2.70     0.96    [0.93,1.00]    1.13      1.13      0.52    1.16
                           0.68       2.81        2.46       2.46        2.75     1.02    [0.98,1.07]    1.14      1.14      0.56    1.15
                           0.69       3.09        2.63       2.63        2.79     1.11    [1.05,1.17]    1.17      1.17      0.62    1.17
                           0.70       3.42        2.82       2.82        2.84     1.21    [1.14,1.25]    1.21      1.21      0.69    1.20
                           0.71       3.79        3.02       3.02        3.00     1.27    [1.21,1.28]    1.26      1.26      0.76    1.25
                           0.72       4.20        4.16       4.15        3.88     1.08    [1.06,1.29]    1.01      1.01      0.84    1.27
                           0.73       4.66        4.50       4.48        3.88     1.20    [1.14,1.30]    1.04      1.04      0.94    1.28
                           0.74       5.17        4.87       4.83        3.88     1.33    [1.16,1.36]    1.07      1.06      1.01    1.31
                           0.75       5.97        5.28       5.21        4.72     1.26    [1.20,1.45]    1.15      1.13      1.08    1.40
                           0.76       7.30        5.71       5.62        4.84     1.51    [1.35,1.76]    1.30      1.28      1.22    1.53
                           0.77       9.28        7.78       7.36        5.45     1.70    [1.55,1.83]    1.26      1.19      1.44    1.74
                           0.78      10.00       13.86      13.83        5.79     1.73    [1.52,1.78]    0.72      0.72      1.43    1.69
                           0.79      10.58       13.96      13.92        6.74     1.57    [1.19,1.76]    0.76      0.76      1.40    1.63
                           0.80      11.23       14.07      14.01        8.83     1.27    [1.19,1.31]    0.80      0.80      1.38    1.59
                           0.81      11.96       14.17      14.09        9.61     1.24    [1.21,1.30]    0.85      0.84      1.36    1.56
                           0.82      12.93       14.28      14.18        9.87     1.31    [1.26,1.37]    0.91      0.91      1.36    1.57
                           0.83      14.29       14.49      14.27       10.13     1.41    [1.30,1.49]    1.00      0.99      1.39    1.57
                           0.84      17.49       15.17      14.37       11.05     1.58    [1.38,1.66]    1.22      1.15      1.58    1.73
                           0.85      19.08       15.87      15.71       12.78     1.49    [1.34,1.70]    1.21      1.20      1.59    1.71
                           0.86      20.72       16.61      17.18       13.64     1.52    [1.40,1.57]    1.21      1.25      1.58    1.70
                           0.87      23.01       34.43      28.75       25.47     0.90    [0.89,1.60]    0.80      0.67      1.57    1.74
                           0.88      27.53       35.90      30.31       25.49     1.08    [1.01,1.21]    0.91      0.77      1.69    1.89
                           0.89      31.89       37.85      33.03       25.51     1.25    [1.18,1.91]    0.97      0.84      1.76    1.86
--------------------------------------------------------------------------------------------------------------------------------------

fidelity ceiling by method
         point         threshold    adaptive_count  fixed_count_mmpp     adaptive_mmpp           learned           optimal
        snr0.5            0.5638            0.5603            0.5671            0.5710            0.5697            0.5691
          snr1            0.6134            0.6128            0.6264            0.6247            0.6231            0.6242
          snr2            0.7057            0.7060            0.7236            0.7249            0.7242            0.7254
          snr4            0.8060            0.7983            0.8274            0.8300            0.8297            0.8297
          snr8            0.8931            0.8917            0.9094            0.9103            0.9088            0.9095

end-to-end speedup including per-shot overhead (F* = 0.85)
        snr0.5   0 us: n/a,  5 us: n/a,  20 us: n/a,  100 us: n/a
          snr1   0 us: n/a,  5 us: n/a,  20 us: n/a,  100 us: n/a
          snr2   0 us: n/a,  5 us: n/a,  20 us: n/a,  100 us: n/a
          snr4   0 us: n/a,  5 us: n/a,  20 us: n/a,  100 us: n/a
          snr8   0 us: 1.49x,  5 us: 1.35x,  20 us: 1.19x,  100 us: 1.06x
