
====================================================================================================
SPETHMANN ET AL. NOISE MODEL: CORRELATION-TIME SWEEP (ADDITIVE, GAUSSIAN SPECTRUM, SNR = 3): run-time reduction at matched balanced fidelity
  Additive emission-rate noise with a Gaussian-shaped spectrum, an independent trace per charge state, switching untouched, as in Spethmann, Stano & Loss (2025). Every MMPP rule (HMM, SPRT, L&S) is built from the model-matched mean rates, i.e. a white-noise model of correlated data.
  detector: ideal detector (no dead time, no afterpulsing)
  rate noise: additive Gaussian-spectrum emission noise (Spethmann et al.), SNR = 3, T_c = 0.3 us, independent per state
  physics layer: nv_charge_readout_master_v1_4
====================================================================================================
         point  ph/dwell     F*  t_thr(us) t_count(us)  t_fcm(us)  T_mmpp(us)  sp_mmpp         95% CI  sp_fcm  sp_count  sp_learn  sp_opt  sp_hmm
----------------------------------------------------------------------------------------------------------------------------------------------
       tc0.3us      27.4   0.55       0.58        1.58       1.58        0.55     1.04    [1.02,1.07]    0.37      0.37      0.12    1.03    1.00
                           0.56       0.69        1.58       1.58        0.66     1.04    [1.02,1.06]    0.44      0.44      0.14    1.03    1.00
                           0.57       0.83        1.58       1.58        0.78     1.06    [1.04,1.08]    0.53      0.53      0.17    1.05    1.00
                           0.58       0.95        1.58       1.58        0.89     1.07    [1.05,1.10]    0.61      0.61      0.19    1.06    1.00
                           0.59       1.08        1.58       1.58        1.02     1.07    [1.04,1.09]    0.69      0.69      0.22    1.06    1.00
                           0.60       1.25        1.58       1.58        1.16     1.07    [0.80,1.09]    0.79      0.79      0.25    1.07    1.00
                           0.61       1.41        1.58       1.58        1.58     0.89    [0.85,0.95]    0.89      0.89      0.28    1.07    1.00
                           0.62       1.57        1.58       1.58        1.58     1.00    [0.94,1.05]    1.00      1.00      0.32    1.08    1.00
                           0.63       1.73        1.58       1.58        1.58     1.10    [1.02,1.12]    1.10      1.10      0.35    1.08    1.00
                           0.64       1.88        1.84       1.84        1.78     1.06    [1.03,1.11]    1.02      1.02      0.38    1.08    1.00
                           0.65       2.06        1.96       1.96        1.82     1.13    [1.08,1.14]    1.05      1.05      0.41    1.10    1.00
                           0.66       2.27        2.08       2.08        2.12     1.07    [0.94,1.11]    1.09      1.09      0.46    1.12    1.00
                           0.67       2.50        2.21       2.21        2.61     0.96    [0.92,1.01]    1.13      1.13      0.50    1.15    1.00
                           0.68       2.69        2.35       2.35        2.65     1.01    [0.97,1.05]    1.14      1.14      0.54    1.15    1.00
                           0.69       2.91        2.50       2.50        2.70     1.08    [1.03,1.13]    1.16      1.16      0.59    1.15    1.00
                           0.70       3.17        2.66       2.66        2.75     1.15    [1.10,1.20]    1.19      1.19      0.64    1.17    1.00
                           0.71       3.42        2.83       2.83        2.82     1.21    [1.18,1.23]    1.21      1.21      0.69    1.19    1.00
                           0.72       3.70        3.00       3.00        2.98     1.24    [1.22,1.25]    1.23      1.23      0.74    1.21    1.00
                           0.73       3.99        3.19       3.19        3.24     1.23    [1.13,1.25]    1.25      1.25      0.80    1.23    1.00
                           0.74       4.41        4.28       4.28        3.71     1.19    [1.13,1.25]    1.03      1.03      0.89    1.27    1.00
                           0.75       4.86        4.56       4.56        3.79     1.28    [1.22,1.31]    1.06      1.06      0.98    1.28    1.00
                           0.76       5.34        4.87       4.87        4.27     1.25    [1.23,1.29]    1.10      1.10      1.01    1.31    1.00
                           0.77       5.97        5.19       5.19        4.51     1.32    [1.27,1.40]    1.15      1.15      1.05    1.36    1.00
                           0.78       6.87        5.53       5.53        4.86     1.41    [1.36,1.47]    1.24      1.24      1.11    1.39    1.00
                           0.79       8.28        5.90       5.90        5.35     1.55    [1.41,1.95]    1.40      1.40      1.24    1.51    1.00
                           0.80      11.03       14.79      14.79        6.26     1.76    [1.56,2.00]    0.75      0.75      1.53    1.83    1.08
                           0.81      11.42       14.80      14.80        8.75     1.31    [1.25,1.80]    0.77      0.77      1.46    1.73    1.04
                           0.82      11.83       14.81      14.80        9.20     1.29    [1.26,1.33]    0.80      0.80      1.40    1.66    1.02
                           0.83      12.26       14.81      14.81        9.23     1.33    [1.30,1.37]    0.83      0.83      1.34    1.60    1.00
                           0.84      13.12       14.82      14.82        9.47     1.39    [1.35,1.44]    0.89      0.89      1.33    1.57    1.00
                           0.85      14.15       14.83      14.83        9.64     1.47    [1.28,1.50]    0.95      0.95      1.33    1.51    1.00
                           0.86      15.61       14.84      14.84       11.23     1.39    [1.29,1.55]    1.05      1.05      1.37    1.51    1.00
                           0.87      20.75       17.28      17.26       14.60     1.42    [1.21,1.73]    1.20      1.20      1.71    1.83    1.05
                           0.88      22.19       34.90      17.37       16.22     1.37    [1.01,1.45]    1.28      0.64      1.65    1.80    1.02
                           0.89      25.12       36.03      28.50       22.04     1.14    [1.05,1.36]    0.88      0.70      1.69    1.87    1.03
                           0.90      35.45         nan      34.92       22.58     1.57    [1.32,1.65]    1.02         -      2.14    2.28    1.15
----------------------------------------------------------------------------------------------------------------------------------------------
         tc1us      27.4   0.55       0.54        1.58       1.58        0.51     1.05    [1.03,1.08]    0.34      0.34      0.11    1.03    1.00
                           0.56       0.64        1.58       1.58        0.61     1.06    [1.03,1.08]    0.41      0.41      0.13    1.02    1.00
                           0.57       0.76        1.58       1.58        0.73     1.05    [1.04,1.07]    0.48      0.48      0.15    1.04    1.00
                           0.58       0.89        1.58       1.58        0.83     1.08    [1.05,1.11]    0.57      0.57      0.18    1.05    1.00
                           0.59       1.03        1.58       1.58        0.94     1.10    [1.08,1.12]    0.66      0.66      0.21    1.06    1.00
                           0.60       1.16        1.58       1.58        1.06     1.09    [1.08,1.11]    0.74      0.74      0.23    1.05    1.00
                           0.61       1.31        1.58       1.58        1.58     0.83    [0.81,1.10]    0.83      0.83      0.26    1.04    1.00
                           0.62       1.46        1.58       1.58        1.58     0.93    [0.87,0.98]    0.93      0.93      0.29    1.05    1.00
                           0.63       1.64        1.58       1.58        1.58     1.04    [0.97,1.10]    1.04      1.04      0.33    1.07    1.00
                           0.64       1.81        1.79       1.79        1.75     1.03    [1.03,1.12]    1.01      1.01      0.36    1.08    1.00
                           0.65       2.00        1.91       1.91        1.81     1.10    [1.05,1.12]    1.04      1.04      0.40    1.10    1.00
                           0.66       2.20        2.04       2.04        2.01     1.10    [1.07,1.13]    1.08      1.08      0.44    1.13    1.00
                           0.67       2.38        2.17       2.17        2.51     0.95    [0.91,1.08]    1.10      1.10      0.48    1.14    1.00
                           0.68       2.60        2.32       2.32        2.66     0.98    [0.92,1.04]    1.12      1.12      0.52    1.15    1.00
                           0.69       2.86        2.47       2.47        2.71     1.06    [1.00,1.11]    1.16      1.16      0.57    1.17    1.00
                           0.70       3.14        2.64       2.64        2.75     1.14    [1.08,1.19]    1.19      1.19      0.63    1.19    1.00
                           0.71       3.42        2.81       2.81        2.81     1.22    [1.17,1.23]    1.22      1.22      0.69    1.21    1.00
                           0.72       3.71        3.00       3.00        3.02     1.23    [1.21,1.24]    1.24      1.24      0.74    1.22    1.00
                           0.73       3.99        3.20       3.20        3.25     1.23    [1.11,1.25]    1.25      1.25      0.80    1.24    1.00
                           0.74       4.33        4.26       4.26        3.73     1.16    [1.12,1.24]    1.02      1.02      0.87    1.25    1.00
                           0.75       4.72        4.53       4.53        3.79     1.24    [1.19,1.29]    1.04      1.04      0.95    1.26    1.00
                           0.76       5.16        4.81       4.81        4.16     1.24    [1.23,1.31]    1.07      1.07      1.00    1.28    1.00
                           0.77       5.72        5.11       5.11        4.46     1.28    [1.25,1.34]    1.12      1.12      1.03    1.33    1.00
                           0.78       6.39        5.43       5.43        4.70     1.36    [1.30,1.41]    1.18      1.18      1.06    1.34    1.00
                           0.79       7.46        5.77       5.76        5.26     1.42    [1.39,1.57]    1.30      1.29      1.14    1.40    1.00
                           0.80       9.85       10.30      10.29        5.51     1.79    [1.51,1.84]    0.96      0.96      1.39    1.68    0.98
                           0.81      11.16       10.93      10.92        6.37     1.75    [1.23,1.80]    1.02      1.02      1.45    1.73    1.00
                           0.82      12.07       11.60      11.58        9.08     1.33    [1.27,1.38]    1.04      1.04      1.45    1.73    1.00
                           0.83      12.87       12.31      12.28        9.10     1.42    [1.37,1.45]    1.05      1.05      1.43    1.71    1.00
                           0.84      13.68       13.06      13.03        9.50     1.44    [1.40,1.49]    1.05      1.05      1.40    1.68    1.00
                           0.85      14.88       13.86      13.82        9.60     1.55    [1.37,1.59]    1.08      1.07      1.41    1.60    1.00
                           0.86      16.97       14.71      14.67       11.11     1.53    [1.42,1.81]    1.16      1.15      1.49    1.62    1.00
                           0.87      21.76       17.12      16.67       15.20     1.43    [1.03,1.84]    1.31      1.27      1.71    1.87    1.02
                           0.88      24.04       34.20      27.69       21.76     1.10    [1.06,1.16]    0.87      0.70      1.70    1.88    1.01
                           0.89      33.09       35.84      33.50       21.79     1.52    [1.16,1.60]    0.99      0.92      2.10    2.26    1.18
                           0.90      45.67       37.62      34.49       22.68     2.01    [1.57,2.09]    1.32      1.21      2.40    2.74    1.29
----------------------------------------------------------------------------------------------------------------------------------------------
         tc3us      27.4   0.55       0.58        1.58       1.58        0.54     1.06    [1.03,1.10]    0.37      0.37      0.12    1.03    1.00
                           0.56       0.70        1.58       1.58        0.67     1.05    [1.04,1.08]    0.44      0.44      0.14    1.03    1.00
                           0.57       0.85        1.58       1.58        0.79     1.07    [1.05,1.10]    0.54      0.54      0.17    1.05    1.00
                           0.58       0.98        1.58       1.58        0.90     1.09    [1.07,1.11]    0.62      0.62      0.20    1.05    1.00
                           0.59       1.11        1.58       1.58        1.03     1.08    [1.06,1.10]    0.70      0.70      0.22    1.04    1.00
                           0.60       1.26        1.58       1.58        1.58     0.80    [0.79,1.09]    0.80      0.80      0.25    1.05    1.00
                           0.61       1.42        1.58       1.58        1.58     0.90    [0.84,0.95]    0.90      0.90      0.29    1.06    1.00
                           0.62       1.58        1.58       1.58        1.58     1.00    [0.95,1.05]    1.00      1.00      0.32    1.07    1.00
                           0.63       1.72        1.58       1.76        1.58     1.09    [1.02,1.10]    0.98      1.09      0.35    1.07    1.00
                           0.64       1.88        1.85       1.88        1.79     1.06    [1.02,1.10]    1.00      1.02      0.38    1.07    1.00
                           0.65       2.07        1.96       1.99        1.86     1.11    [1.08,1.12]    1.04      1.05      0.42    1.09    1.00
                           0.66       2.26        2.08       2.12        2.13     1.06    [0.94,1.10]    1.07      1.08      0.45    1.11    1.00
                           0.67       2.46        2.21       2.26        2.56     0.96    [0.93,1.01]    1.09      1.11      0.49    1.14    1.00
                           0.68       2.69        2.35       2.40        2.62     1.02    [0.98,1.07]    1.12      1.14      0.54    1.15    1.00
                           0.69       2.91        2.50       2.55        2.68     1.08    [1.05,1.11]    1.14      1.16      0.58    1.16    1.00
                           0.70       3.13        2.65       2.71        2.75     1.14    [1.10,1.17]    1.15      1.18      0.63    1.16    1.00
                           0.71       3.38        2.82       2.88        2.82     1.20    [1.16,1.21]    1.17      1.20      0.68    1.18    1.00
                           0.72       3.65        2.99       3.07        2.99     1.22    [1.21,1.23]    1.19      1.22      0.73    1.20    1.00
                           0.73       3.93        3.18       3.26        3.24     1.22    [1.08,1.24]    1.21      1.24      0.79    1.22    1.00
                           0.74       4.28        4.21       4.30        3.69     1.16    [1.08,1.24]    0.99      1.02      0.86    1.25    1.00
                           0.75       4.68        4.48       4.56        3.79     1.23    [1.17,1.28]    1.03      1.04      0.94    1.26    1.00
                           0.76       5.12        4.77       4.84        4.13     1.24    [1.23,1.30]    1.06      1.08      1.00    1.29    1.00
                           0.77       5.62        5.07       5.13        4.40     1.28    [1.25,1.30]    1.10      1.11      1.00    1.32    1.00
                           0.78       6.28        5.40       5.44        4.71     1.33    [1.28,1.40]    1.15      1.16      1.03    1.35    1.00
                           0.79       7.17        5.75       5.77        5.15     1.39    [1.37,1.51]    1.24      1.25      1.08    1.36    1.00
                           0.80       9.26        6.12       6.12        5.52     1.68    [1.42,1.98]    1.51      1.51      1.27    1.56    0.85
                           0.81      11.73       11.09      11.07        6.38     1.84    [1.30,1.92]    1.06      1.06      1.48    1.79    0.99
                           0.82      12.80       11.82      11.77        8.97     1.43    [1.37,1.47]    1.09      1.08      1.48    1.78    1.00
                           0.83      13.79       12.60      12.52        9.45     1.46    [1.41,1.53]    1.10      1.09      1.47    1.77    1.00
                           0.84      15.16       13.42      13.32        9.47     1.60    [1.52,1.67]    1.14      1.13      1.48    1.72    1.00
                           0.85      17.41       14.30      14.16       10.56     1.65    [1.56,1.82]    1.23      1.22      1.56    1.74    1.00
                           0.86      21.17       17.04      16.28       11.34     1.87    [1.28,1.97]    1.30      1.24      1.72    1.89    1.02
                           0.87      23.88       34.38      26.42       21.53     1.11    [1.06,1.40]    0.90      0.69      1.75    1.92    1.02
                           0.88      27.92       36.64      29.85       21.62     1.29    [1.17,1.49]    0.94      0.76      1.86    1.99    1.02
                           0.89      36.12       37.62      34.39       22.47     1.61    [1.49,2.00]    1.05      0.96      2.03    2.27    1.05
----------------------------------------------------------------------------------------------------------------------------------------------
        tc10us      27.4   0.55       0.54        1.57       1.57        0.51     1.05    [1.04,1.07]    0.34      0.34      0.11    1.02    1.00
                           0.56       0.66        1.57       1.57        0.62     1.07    [1.04,1.09]    0.42      0.42      0.13    1.03    1.00
                           0.57       0.78        1.57       1.57        0.75     1.05    [1.03,1.07]    0.50      0.50      0.16    1.03    1.00
                           0.58       0.93        1.57       1.57        0.85     1.08    [1.06,1.11]    0.59      0.59      0.19    1.05    1.00
                           0.59       1.07        1.57       1.57        0.97     1.10    [1.07,1.12]    0.68      0.68      0.22    1.07    1.00
                           0.60       1.21        1.57       1.57        1.11     1.09    [0.81,1.10]    0.77      0.77      0.24    1.06    1.00
                           0.61       1.37        1.57       1.57        1.57     0.87    [0.82,0.93]    0.87      0.87      0.28    1.07    1.00
                           0.62       1.54        1.57       1.57        1.57     0.98    [0.92,1.04]    0.98      0.98      0.31    1.08    1.00
                           0.63       1.71        1.57       1.57        1.57     1.09    [1.02,1.11]    1.09      1.09      0.34    1.10    1.00
                           0.64       1.86        1.83       1.83        1.77     1.05    [1.03,1.12]    1.01      1.02      0.37    1.10    1.00
                           0.65       2.04        1.94       1.95        1.82     1.12    [1.08,1.13]    1.05      1.05      0.41    1.11    1.00
                           0.66       2.24        2.06       2.07        2.04     1.10    [1.07,1.13]    1.08      1.09      0.45    1.14    1.00
                           0.67       2.43        2.19       2.20        2.55     0.95    [0.93,1.09]    1.11      1.11      0.49    1.15    1.00
                           0.68       2.63        2.33       2.33        2.60     1.01    [0.97,1.05]    1.13      1.13      0.53    1.16    1.00
                           0.69       2.84        2.47       2.47        2.66     1.07    [1.03,1.10]    1.15      1.15      0.57    1.16    1.00
                           0.70       3.05        2.63       2.63        2.72     1.12    [1.09,1.16]    1.16      1.16      0.61    1.16    1.00
                           0.71       3.30        2.79       2.79        2.78     1.19    [1.14,1.22]    1.18      1.18      0.66    1.18    1.00
                           0.72       3.59        2.96       2.96        2.93     1.22    [1.21,1.24]    1.21      1.21      0.72    1.20    1.00
                           0.73       3.91        3.14       3.14        3.21     1.22    [1.14,1.25]    1.24      1.24      0.79    1.24    1.00
                           0.74       4.24        4.19       4.19        3.64     1.16    [1.14,1.25]    1.01      1.01      0.85    1.26    1.00
                           0.75       4.60        4.43       4.43        3.75     1.23    [1.18,1.28]    1.04      1.04      0.92    1.26    1.00
                           0.76       5.11        4.69       4.70        4.11     1.24    [1.23,1.32]    1.09      1.09      1.00    1.29    1.00
                           0.77       5.66        4.97       4.98        4.49     1.26    [1.24,1.30]    1.14      1.14      1.01    1.32    1.00
                           0.78       6.37        5.26       5.27        4.72     1.35    [1.27,1.40]    1.21      1.21      1.03    1.32    1.00
                           0.79       7.21        5.57       5.59        5.15     1.40    [1.30,1.43]    1.29      1.29      1.07    1.30    1.00
                           0.80       8.21        5.90       5.92        6.08     1.35    [1.29,1.51]    1.39      1.39      1.10    1.31    1.00
                           0.81      10.42       11.00      11.05        6.36     1.64    [1.13,1.94]    0.94      0.95      1.27    1.49    0.79
                           0.82      14.43       11.90      11.94        9.16     1.57    [1.47,1.64]    1.21      1.21      1.57    1.87    1.00
                           0.83      15.66       12.88      12.91        9.46     1.66    [1.59,1.74]    1.21      1.22      1.50    1.73    1.00
                           0.84      17.52       13.94      13.95       10.56     1.66    [1.60,1.90]    1.26      1.26      1.49    1.68    1.00
                           0.85      23.49       31.57      17.20       20.43     1.15    [1.15,2.14]    1.37      0.74      1.77    1.99    1.05
                           0.86      25.60       36.73      29.89       20.66     1.24    [1.19,1.39]    0.86      0.70      1.74    1.92    1.00
                           0.87      35.22       37.32      32.56       20.90     1.69    [1.37,2.27]    1.08      0.94      2.17    2.32    1.09
----------------------------------------------------------------------------------------------------------------------------------------------
        tc30us      27.4   0.55       0.56        1.58       1.58        0.53     1.05    [1.03,1.08]    0.35      0.35      0.11    1.02    1.00
                           0.56       0.69        1.58       1.58        0.66     1.04    [1.01,1.07]    0.43      0.43      0.14    1.02    1.00
                           0.57       0.84        1.58       1.58        0.79     1.07    [1.04,1.10]    0.53      0.53      0.17    1.06    1.00
                           0.58       0.98        1.58       1.58        0.90     1.09    [1.06,1.12]    0.62      0.62      0.20    1.05    1.00
                           0.59       1.13        1.58       1.58        1.04     1.09    [1.07,1.11]    0.72      0.72      0.23    1.06    1.00
                           0.60       1.29        1.58       1.58        1.58     0.82    [0.81,1.10]    0.82      0.82      0.26    1.07    1.00
                           0.61       1.45        1.58       1.58        1.58     0.92    [0.87,0.98]    0.92      0.92      0.29    1.07    1.00
                           0.62       1.61        1.58       1.58        1.58     1.02    [0.96,1.08]    1.02      1.02      0.32    1.08    1.00
                           0.63       1.78        1.77       1.77        1.61     1.10    [1.03,1.12]    1.01      1.01      0.36    1.08    1.00
                           0.64       1.95        1.87       1.87        1.80     1.08    [1.04,1.12]    1.04      1.04      0.39    1.09    1.00
                           0.65       2.14        1.99       1.99        1.93     1.11    [1.07,1.13]    1.08      1.08      0.43    1.11    1.00
                           0.66       2.34        2.11       2.11        2.21     1.06    [0.91,1.09]    1.11      1.11      0.47    1.13    1.00
                           0.67       2.54        2.24       2.24        2.60     0.98    [0.93,1.02]    1.13      1.13      0.51    1.15    1.00
                           0.68       2.73        2.38       2.38        2.65     1.03    [0.98,1.07]    1.15      1.15      0.55    1.14    1.00
                           0.69       2.95        2.52       2.52        2.71     1.09    [1.04,1.14]    1.17      1.17      0.59    1.15    1.00
                           0.70       3.19        2.68       2.68        2.76     1.16    [1.11,1.19]    1.19      1.19      0.64    1.17    1.00
                           0.71       3.42        2.84       2.84        2.83     1.21    [1.18,1.22]    1.20      1.20      0.69    1.18    1.00
                           0.72       3.67        3.02       3.02        3.00     1.22    [1.21,1.23]    1.22      1.22      0.74    1.19    1.00
                           0.73       3.95        3.20       3.20        3.25     1.21    [1.05,1.24]    1.23      1.23      0.79    1.21    1.00
                           0.74       4.34        4.22       4.23        3.88     1.12    [1.06,1.23]    1.03      1.03      0.87    1.25    1.00
                           0.75       4.82        4.46       4.50        3.88     1.24    [1.16,1.29]    1.07      1.08      0.97    1.27    1.00
                           0.76       5.35        4.73       4.78        4.25     1.26    [1.24,1.29]    1.12      1.13      1.01    1.30    1.00
                           0.77       5.92        5.00       5.08        4.63     1.28    [1.25,1.34]    1.16      1.18      1.02    1.33    1.00
                           0.78       6.57        5.29       5.40        4.82     1.37    [1.31,1.39]    1.22      1.24      1.03    1.26    1.00
                           0.79       7.28        5.60       5.75        5.32     1.37    [1.21,1.39]    1.27      1.30      1.04    1.22    1.00
                           0.80       8.12        5.93       6.11        6.12     1.33    [1.25,1.45]    1.33      1.37      1.06    1.21    1.00
                           0.81       9.59       11.24       9.74        6.39     1.50    [1.06,1.57]    0.98      0.85      1.14    1.28    0.71
                           0.82      14.91       12.40      11.88        9.49     1.57    [1.16,1.70]    1.25      1.20      1.49    1.73    0.98
                           0.83      17.50       13.68      13.59       10.04     1.74    [1.62,1.92]    1.29      1.28      1.45    1.66    1.00
                           0.84      28.44       35.78      29.63       13.24     2.15    [1.38,3.05]    0.96      0.79      1.99    2.27    1.04
----------------------------------------------------------------------------------------------------------------------------------------------
       tc100us      27.4   0.55       0.56        1.58       1.58        0.53     1.05    [1.03,1.07]    0.36      0.36      0.11    1.03    1.00
                           0.56       0.67        1.58       1.58        0.65     1.03    [1.01,1.06]    0.43      0.43      0.13    1.01    1.00
                           0.57       0.81        1.58       1.58        0.77     1.05    [1.03,1.07]    0.52      0.52      0.16    1.04    1.00
                           0.58       0.94        1.58       1.58        0.88     1.06    [1.04,1.09]    0.59      0.59      0.19    1.05    1.00
                           0.59       1.08        1.58       1.58        1.01     1.08    [1.05,1.10]    0.69      0.69      0.22    1.07    1.00
                           0.60       1.24        1.58       1.58        1.15     1.08    [0.80,1.09]    0.78      0.78      0.25    1.07    1.00
                           0.61       1.40        1.58       1.58        1.58     0.89    [0.83,0.96]    0.89      0.89      0.28    1.08    1.00
                           0.62       1.58        1.58       1.58        1.58     1.00    [0.93,1.06]    1.00      1.00      0.32    1.09    1.00
                           0.63       1.74        1.58       1.76        1.58     1.11    [1.02,1.11]    0.99      1.11      0.35    1.10    1.00
                           0.64       1.91        1.86       1.87        1.78     1.07    [1.04,1.11]    1.02      1.03      0.38    1.11    1.00
                           0.65       2.10        1.97       1.98        1.85     1.14    [1.09,1.15]    1.06      1.06      0.42    1.13    1.00
                           0.66       2.28        2.10       2.11        2.11     1.08    [0.92,1.12]    1.08      1.09      0.46    1.14    1.00
                           0.67       2.46        2.23       2.24        2.57     0.95    [0.93,1.06]    1.10      1.10      0.49    1.15    1.00
                           0.68       2.69        2.37       2.37        2.63     1.02    [0.97,1.07]    1.13      1.13      0.54    1.16    1.00
                           0.69       2.92        2.52       2.52        2.69     1.09    [1.05,1.13]    1.16      1.16      0.59    1.17    1.00
                           0.70       3.17        2.67       2.68        2.74     1.15    [1.11,1.20]    1.18      1.18      0.64    1.18    1.00
                           0.71       3.43        2.84       2.84        2.81     1.22    [1.18,1.24]    1.21      1.21      0.69    1.20    1.00
                           0.72       3.70        3.02       3.02        3.02     1.23    [1.21,1.24]    1.23      1.23      0.74    1.21    1.00
                           0.73       3.98        3.20       3.20        3.25     1.23    [1.12,1.24]    1.24      1.24      0.80    1.23    1.00
                           0.74       4.29        4.24       4.25        3.69     1.16    [1.13,1.21]    1.01      1.01      0.86    1.24    1.00
                           0.75       4.64        4.48       4.49        3.77     1.23    [1.18,1.29]    1.03      1.04      0.93    1.24    1.00
                           0.76       5.12        4.73       4.74        4.13     1.24    [1.23,1.31]    1.08      1.08      1.00    1.28    1.00
                           0.77       5.68        5.00       5.02        4.53     1.25    [1.24,1.30]    1.13      1.14      1.00    1.32    1.00
                           0.78       6.28        5.28       5.30        4.71     1.33    [1.28,1.39]    1.18      1.19      1.00    1.27    1.00
                           0.79       7.00        5.58       5.61        5.00     1.40    [1.35,1.42]    1.25      1.26      1.01    1.21    1.00
                           0.80       8.05        5.89       5.93        5.70     1.41    [1.26,1.51]    1.36      1.37      1.05    1.21    1.00
                           0.81      10.20       11.25      10.30        6.32     1.61    [1.12,1.76]    0.99      0.91      1.17    1.35    0.71
                           0.82      16.97       12.85      12.90        9.46     1.79    [1.69,1.92]    1.32      1.32      1.44    1.77    1.05
                           0.83      22.06       14.68      27.27       10.92     2.02    [1.70,2.90]    0.81      1.50      1.58    1.78    0.91
----------------------------------------------------------------------------------------------------------------------------------------------

fidelity ceiling by method
         point         threshold    adaptive_count  fixed_count_mmpp     adaptive_mmpp           learned           optimal               hmm
       tc0.3us            0.9021            0.8997            0.9173            0.9174            0.9163            0.9173            0.9173
         tc1us            0.9004            0.9003            0.9140            0.9142            0.9124            0.9138            0.9140
         tc3us            0.8916            0.8900            0.9043            0.9047            0.8993            0.9042            0.9043
        tc10us            0.8725            0.8720            0.8879            0.8901            0.8862            0.8895            0.8896
        tc30us            0.8443            0.8443            0.8619            0.8628            0.8604            0.8623            0.8625
       tc100us            0.8318            0.8301            0.8462            0.8479            0.8451            0.8481            0.8478

end-to-end speedup including per-shot overhead (F* = 0.85)
       tc0.3us   0 us: 1.47x,  5 us: 1.31x,  20 us: 1.15x,  100 us: 1.04x
         tc1us   0 us: 1.55x,  5 us: 1.36x,  20 us: 1.18x,  100 us: 1.05x
         tc3us   0 us: 1.65x,  5 us: 1.44x,  20 us: 1.22x,  100 us: 1.06x
        tc10us   0 us: 1.15x,  5 us: 1.12x,  20 us: 1.08x,  100 us: 1.03x
        tc30us   0 us: n/a,  5 us: n/a,  20 us: n/a,  100 us: n/a
       tc100us   0 us: n/a,  5 us: n/a,  20 us: n/a,  100 us: n/a
