
====================================================================================================
GAUSSIAN VS TELEGRAPH RATE NOISE AT MATCHED VARIANCE: run-time reduction at matched balanced fidelity
  Matched in variance and correlation time, differing only at third order -- what a bispectrum resolves and a power spectrum cannot.
  detector: ideal detector (no dead time, no afterpulsing)
  rate noise: no rate noise
  physics layer: nv_charge_readout_master_v1_4
====================================================================================================
         point  ph/dwell     F*  t_thr(us) t_count(us)  t_fcm(us)  T_mmpp(us)  sp_mmpp         95% CI  sp_fcm  sp_count  sp_learn  sp_opt  sp_hmm
----------------------------------------------------------------------------------------------------------------------------------------------
           off      27.4   0.55       0.45        1.59       1.59        0.44     1.03    [1.02,1.10]    0.28      0.28      0.09    1.02    1.00
                           0.56       0.54        1.59       1.59        0.52     1.05    [1.03,1.07]    0.34      0.34      0.11    1.02    1.00
                           0.57       0.64        1.59       1.59        0.61     1.05    [1.04,1.07]    0.41      0.41      0.13    1.03    1.00
                           0.58       0.74        1.59       1.59        0.70     1.05    [1.04,1.08]    0.47      0.47      0.15    1.02    1.00
                           0.59       0.86        1.59       1.59        0.80     1.08    [1.06,1.10]    0.54      0.54      0.17    1.04    1.00
                           0.60       0.98        1.59       1.59        0.90     1.08    [1.07,1.10]    0.62      0.62      0.20    1.05    1.00
                           0.61       1.10        1.59       1.59        1.02     1.08    [1.06,1.09]    0.69      0.69      0.22    1.06    1.00
                           0.62       1.22        1.59       1.59        1.12     1.09    [1.08,1.11]    0.77      0.77      0.24    1.07    1.00
                           0.63       1.35        1.59       1.59        1.22     1.11    [1.09,1.12]    0.85      0.85      0.27    1.08    1.00
                           0.64       1.46        1.59       1.59        1.32     1.10    [1.09,1.11]    0.92      0.92      0.29    1.08    1.00
                           0.65       1.58        1.59       1.59        1.44     1.10    [1.01,1.11]    1.00      1.00      0.32    1.07    1.00
                           0.66       1.72        1.59       1.59        1.59     1.08    [1.05,1.10]    1.08      1.08      0.35    1.07    1.00
                           0.67       1.86        1.83       1.83        1.76     1.06    [1.05,1.11]    1.02      1.02      0.37    1.07    1.00
                           0.68       2.02        1.93       1.93        1.83     1.10    [1.08,1.12]    1.05      1.05      0.41    1.08    1.00
                           0.69       2.19        2.03       2.03        1.93     1.13    [1.12,1.14]    1.08      1.08      0.44    1.09    1.00
                           0.70       2.34        2.14       2.14        2.06     1.14    [1.13,1.15]    1.09      1.09      0.47    1.10    1.00
                           0.71       2.51        2.26       2.26        2.20     1.14    [1.13,1.16]    1.11      1.11      0.51    1.11    1.00
                           0.72       2.72        2.38       2.38        2.35     1.16    [1.15,1.18]    1.14      1.14      0.55    1.14    1.00
                           0.73       2.92        2.51       2.51        2.50     1.17    [1.16,1.18]    1.16      1.16      0.59    1.15    1.00
                           0.74       3.12        2.65       2.65        2.65     1.18    [1.17,1.19]    1.18      1.18      0.63    1.15    1.00
                           0.75       3.35        2.79       2.79        2.81     1.19    [1.18,1.20]    1.20      1.20      0.67    1.17    1.00
                           0.76       3.59        2.94       2.94        3.32     1.08    [1.06,1.21]    1.22      1.22      0.72    1.18    1.00
                           0.77       3.79        3.10       3.10        3.32     1.14    [1.11,1.18]    1.22      1.22      0.76    1.18    1.00
                           0.78       4.00        3.27       3.27        3.32     1.21    [1.17,1.22]    1.22      1.22      0.80    1.18    1.00
                           0.79       4.27        4.20       4.20        3.52     1.21    [1.14,1.23]    1.02      1.02      0.86    1.20    1.00
                           0.80       4.58        4.39       4.39        3.90     1.17    [1.14,1.23]    1.04      1.04      0.92    1.23    1.00
                           0.81       4.88        4.58       4.58        3.90     1.25    [1.21,1.27]    1.06      1.06      0.98    1.25    1.00
                           0.82       5.20        4.78       4.78        4.25     1.22    [1.19,1.23]    1.09      1.09      1.00    1.25    1.00
                           0.83       5.55        4.99       4.99        4.48     1.24    [1.20,1.28]    1.11      1.11      1.00    1.26    1.00
                           0.84       5.94        5.21       5.21        4.70     1.26    [1.25,1.31]    1.14      1.14      1.01    1.28    1.00
                           0.85       6.41        5.44       5.44        4.82     1.33    [1.27,1.34]    1.18      1.18      1.03    1.31    1.00
                           0.86       6.94        5.68       5.68        5.49     1.26    [1.24,1.32]    1.22      1.22      1.05    1.35    1.00
                           0.87       7.55        5.93       5.93        5.66     1.33    [1.29,1.39]    1.27      1.27      1.07    1.38    1.00
                           0.88       8.30        6.19       6.19        5.91     1.40    [1.36,1.42]    1.34      1.34      1.11    1.39    1.00
                           0.89       9.32        6.46       6.46        6.48     1.44    [1.34,1.46]    1.44      1.44      1.17    1.44    1.00
                           0.90      11.24       12.81      11.46        7.09     1.59    [1.44,1.94]    0.98      0.88      1.32    1.60    1.00
                           0.91      16.35       13.48      12.82        8.08     2.02    [1.58,2.06]    1.28      1.21      1.76    2.07    1.05
                           0.92      17.74       14.18      13.73       11.25     1.58    [1.54,1.66]    1.29      1.25      1.69    1.98    1.02
                           0.93      19.66       14.91      14.69       11.65     1.69    [1.58,1.73]    1.34      1.32      1.66    1.92    1.01
                           0.94      25.01         nan      26.69       14.80     1.69    [1.48,1.79]    0.94         -      1.66    2.03    1.03
----------------------------------------------------------------------------------------------------------------------------------------------
            ou      27.4   0.55       0.50        1.59       1.59        0.47     1.06    [1.04,1.08]    0.31      0.31      0.10    1.03    1.00
                           0.56       0.59        1.59       1.59        0.56     1.06    [1.04,1.08]    0.37      0.37      0.12    1.02    1.00
                           0.57       0.69        1.59       1.59        0.66     1.04    [1.03,1.06]    0.43      0.43      0.14    1.02    1.00
                           0.58       0.80        1.59       1.59        0.75     1.06    [1.05,1.09]    0.50      0.50      0.16    1.03    1.00
                           0.59       0.92        1.59       1.59        0.85     1.08    [1.06,1.10]    0.58      0.58      0.18    1.05    1.00
                           0.60       1.04        1.59       1.59        0.96     1.08    [1.06,1.09]    0.65      0.65      0.21    1.06    1.00
                           0.61       1.15        1.59       1.59        1.08     1.06    [1.05,1.08]    0.72      0.72      0.23    1.07    1.00
                           0.62       1.27        1.59       1.59        1.17     1.08    [1.07,1.09]    0.80      0.80      0.25    1.07    1.00
                           0.63       1.39        1.59       1.59        1.28     1.09    [1.07,1.10]    0.87      0.87      0.28    1.07    1.00
                           0.64       1.52        1.59       1.59        1.39     1.09    [1.02,1.10]    0.95      0.95      0.31    1.07    1.00
                           0.65       1.67        1.59       1.59        1.59     1.05    [1.01,1.10]    1.05      1.05      0.34    1.08    1.00
                           0.66       1.80        1.79       1.79        1.65     1.09    [1.04,1.10]    1.00      1.00      0.36    1.08    1.00
                           0.67       1.93        1.89       1.89        1.80     1.07    [1.05,1.10]    1.02      1.02      0.39    1.08    1.00
                           0.68       2.09        1.99       1.99        1.87     1.12    [1.10,1.13]    1.05      1.05      0.42    1.09    1.00
                           0.69       2.26        2.10       2.10        1.99     1.14    [1.13,1.15]    1.07      1.07      0.45    1.11    1.00
                           0.70       2.42        2.22       2.22        2.11     1.15    [1.13,1.16]    1.09      1.09      0.49    1.12    1.00
                           0.71       2.59        2.34       2.34        2.25     1.15    [1.14,1.16]    1.11      1.11      0.52    1.13    1.00
                           0.72       2.76        2.47       2.47        2.39     1.16    [1.15,1.17]    1.12      1.12      0.56    1.15    1.00
                           0.73       2.97        2.60       2.61        2.54     1.17    [1.16,1.18]    1.14      1.14      0.60    1.16    1.00
                           0.74       3.21        2.74       2.75        2.72     1.18    [1.17,1.19]    1.17      1.17      0.64    1.17    1.00
                           0.75       3.45        2.89       2.90        2.90     1.19    [1.05,1.20]    1.19      1.19      0.69    1.18    1.00
                           0.76       3.69        3.05       3.06        3.33     1.11    [1.07,1.15]    1.20      1.21      0.74    1.19    1.00
                           0.77       3.92        3.22       3.23        3.33     1.18    [1.14,1.21]    1.21      1.22      0.79    1.19    1.00
                           0.78       4.19        4.13       4.15        3.50     1.20    [1.18,1.23]    1.01      1.01      0.84    1.21    1.00
                           0.79       4.50        4.32       4.34        3.90     1.15    [1.14,1.24]    1.04      1.04      0.90    1.23    1.00
                           0.80       4.80        4.52       4.54        3.92     1.23    [1.18,1.26]    1.06      1.06      0.97    1.25    1.00
                           0.81       5.13        4.73       4.75        4.21     1.22    [1.20,1.26]    1.08      1.08      1.00    1.25    1.00
                           0.82       5.48        4.95       4.97        4.49     1.22    [1.19,1.26]    1.10      1.11      1.01    1.26    1.00
                           0.83       5.86        5.17       5.19        4.53     1.29    [1.25,1.31]    1.13      1.13      1.01    1.27    1.00
                           0.84       6.32        5.41       5.43        4.82     1.31    [1.26,1.33]    1.16      1.17      1.03    1.29    1.00
                           0.85       6.84        5.66       5.68        5.28     1.30    [1.24,1.31]    1.20      1.21      1.04    1.33    1.00
                           0.86       7.46        5.92       5.94        5.68     1.31    [1.27,1.36]    1.26      1.26      1.07    1.35    1.00
                           0.87       8.18        6.19       6.21        5.85     1.40    [1.34,1.41]    1.32      1.32      1.10    1.36    1.00
                           0.88       9.17        6.47       6.50        6.53     1.40    [1.32,1.45]    1.41      1.42      1.16    1.40    1.00
                           0.89      10.61       12.75      10.71        7.18     1.48    [1.38,1.58]    0.99      0.83      1.26    1.50    1.00
                           0.90      15.81       13.42      12.38        8.15     1.94    [1.47,1.99]    1.28      1.18      1.71    1.99    1.12
                           0.91      17.47       14.12      13.40       10.60     1.65    [1.54,1.71]    1.30      1.24      1.70    1.96    1.03
                           0.92      19.40       14.86      14.51       11.55     1.68    [1.61,1.71]    1.34      1.31      1.70    1.96    1.01
                           0.93      22.44         nan      23.85       15.06     1.49    [1.47,1.77]    0.94         -      1.71    1.90    0.99
----------------------------------------------------------------------------------------------------------------------------------------------
     telegraph      27.4   0.55       0.49        1.59       1.59        0.47     1.05    [1.03,1.07]    0.31      0.31      0.10    1.03    1.00
                           0.56       0.60        1.59       1.59        0.56     1.06    [1.04,1.08]    0.38      0.38      0.12    1.04    1.00
                           0.57       0.69        1.59       1.59        0.67     1.03    [1.02,1.05]    0.43      0.43      0.14    1.03    1.00
                           0.58       0.79        1.59       1.59        0.75     1.06    [1.04,1.08]    0.50      0.50      0.16    1.04    1.00
                           0.59       0.90        1.59       1.59        0.84     1.07    [1.05,1.09]    0.56      0.56      0.18    1.04    1.00
                           0.60       1.01        1.59       1.59        0.94     1.07    [1.06,1.09]    0.64      0.64      0.20    1.05    1.00
                           0.61       1.13        1.59       1.59        1.06     1.07    [1.06,1.08]    0.71      0.71      0.23    1.05    1.00
                           0.62       1.25        1.59       1.59        1.16     1.08    [1.07,1.10]    0.79      0.79      0.25    1.07    1.00
                           0.63       1.39        1.59       1.59        1.28     1.09    [1.07,1.10]    0.87      0.87      0.28    1.07    1.00
                           0.64       1.53        1.59       1.59        1.40     1.09    [1.00,1.10]    0.96      0.96      0.31    1.08    1.00
                           0.65       1.67        1.59       1.59        1.59     1.05    [1.01,1.09]    1.05      1.05      0.34    1.08    1.00
                           0.66       1.83        1.80       1.80        1.65     1.10    [1.04,1.11]    1.02      1.02      0.37    1.09    1.00
                           0.67       1.99        1.90       1.90        1.82     1.09    [1.07,1.11]    1.05      1.05      0.40    1.10    1.00
                           0.68       2.15        2.00       2.00        1.91     1.12    [1.11,1.14]    1.08      1.08      0.43    1.11    1.00
                           0.69       2.31        2.11       2.11        2.03     1.14    [1.12,1.15]    1.10      1.10      0.46    1.12    1.00
                           0.70       2.48        2.22       2.22        2.16     1.15    [1.13,1.16]    1.12      1.12      0.50    1.13    1.00
                           0.71       2.65        2.34       2.34        2.30     1.15    [1.14,1.17]    1.13      1.13      0.53    1.14    1.00
                           0.72       2.83        2.47       2.47        2.44     1.16    [1.15,1.17]    1.15      1.15      0.57    1.15    1.00
                           0.73       3.02        2.61       2.61        2.59     1.17    [1.16,1.17]    1.16      1.16      0.61    1.15    1.00
                           0.74       3.23        2.75       2.75        2.75     1.17    [1.16,1.18]    1.18      1.18      0.65    1.16    1.00
                           0.75       3.47        2.90       2.90        2.92     1.19    [1.05,1.19]    1.20      1.20      0.70    1.17    1.00
                           0.76       3.70        3.06       3.06        3.33     1.11    [1.07,1.15]    1.21      1.21      0.74    1.18    1.00
                           0.77       3.92        3.22       3.22        3.33     1.18    [1.14,1.21]    1.22      1.22      0.79    1.19    1.00
                           0.78       4.18        4.14       4.14        3.50     1.19    [1.18,1.22]    1.01      1.01      0.84    1.20    1.00
                           0.79       4.47        4.32       4.32        3.90     1.15    [1.14,1.24]    1.03      1.03      0.90    1.22    1.00
                           0.80       4.76        4.52       4.52        3.91     1.22    [1.18,1.25]    1.05      1.05      0.96    1.25    1.00
                           0.81       5.06        4.72       4.72        4.15     1.22    [1.21,1.26]    1.07      1.07      1.00    1.24    1.00
                           0.82       5.40        4.94       4.94        4.48     1.21    [1.20,1.25]    1.10      1.10      1.00    1.24    1.00
                           0.83       5.79        5.16       5.16        4.52     1.28    [1.24,1.30]    1.12      1.12      1.01    1.25    1.00
                           0.84       6.23        5.39       5.39        4.79     1.30    [1.27,1.33]    1.16      1.16      1.02    1.27    1.00
                           0.85       6.74        5.63       5.63        5.20     1.30    [1.25,1.33]    1.20      1.20      1.04    1.30    1.00
                           0.86       7.44        5.89       5.89        5.70     1.31    [1.26,1.36]    1.26      1.26      1.08    1.35    1.00
                           0.87       8.18        6.15       6.15        5.89     1.39    [1.33,1.41]    1.33      1.33      1.12    1.37    1.00
                           0.88       9.10        6.43       6.43        6.38     1.43    [1.33,1.45]    1.42      1.42      1.17    1.41    1.00
                           0.89      10.40       12.43      10.58        7.12     1.46    [1.37,1.58]    0.98      0.84      1.25    1.50    1.00
                           0.90      15.86       13.11      12.36        8.11     1.96    [1.44,2.02]    1.28      1.21      1.75    2.08    1.11
                           0.91      17.24       13.83      13.26       10.59     1.63    [1.58,1.98]    1.30      1.25      1.70    2.00    1.04
                           0.92      19.06       14.58      14.23       11.42     1.67    [1.60,1.73]    1.34      1.31      1.69    1.97    1.04
                           0.93      21.60       15.38      15.27       13.28     1.63    [1.51,1.80]    1.41      1.40      1.69    1.91    1.01
----------------------------------------------------------------------------------------------------------------------------------------------

fidelity ceiling by method
         point         threshold    adaptive_count  fixed_count_mmpp     adaptive_mmpp           learned           optimal               hmm
           off            0.9404            0.9370            0.9471            0.9471            0.9469            0.9468            0.9473
            ou            0.9362            0.9296            0.9428            0.9442            0.9422            0.9440            0.9439
     telegraph            0.9385            0.9318            0.9463            0.9483            0.9480            0.9484            0.9483

end-to-end speedup including per-shot overhead (F* = 0.85)
           off   0 us: 1.33x,  5 us: 1.16x,  20 us: 1.06x,  100 us: 1.02x
            ou   0 us: 1.30x,  5 us: 1.15x,  20 us: 1.06x,  100 us: 1.01x
     telegraph   0 us: 1.30x,  5 us: 1.15x,  20 us: 1.06x,  100 us: 1.01x
