
====================================================================================================
HEADLINE DEMONSTRATION AT THREE OPERATING POINTS: run-time reduction at matched balanced fidelity
  Three regimes described by their dimensionless sparsity rather than by laser power alone. This is the only experiment that also runs the fixed-time MMPP baseline and the paired McNemar test.
  detector: non-paralyzable dead time 50 ns, afterpulse p = 0.01 with tau = 100 ns, filter rates corrected
  rate noise: no rate noise
  physics layer: nv_charge_readout_master_v1_4
====================================================================================================
         point  ph/dwell     F*  t_thr(us) t_count(us)  t_fcm(us)  T_mmpp(us)  sp_mmpp         95% CI  sp_fcm  sp_count  sp_learn  sp_opt
--------------------------------------------------------------------------------------------------------------------------------------
     high_flux       9.9   0.55       0.20        0.67       0.67        0.19     1.03    [1.01,1.06]    0.30      0.30      0.26    0.94
                           0.56       0.25        0.67       0.67        0.23     1.05    [1.02,1.07]    0.37      0.37      0.31    0.96
                           0.57       0.29        0.67       0.67        0.28     1.05    [1.03,1.07]    0.44      0.44      0.38    0.98
                           0.58       0.34        0.67       0.67        0.32     1.07    [1.05,1.09]    0.51      0.51      0.44    1.00
                           0.59       0.39        0.67       0.67        0.36     1.08    [1.06,1.10]    0.58      0.58      0.49    1.01
                           0.60       0.43        0.67       0.67        0.40     1.08    [1.06,1.10]    0.65      0.65      0.56    1.02
                           0.61       0.48        0.67       0.67        0.45     1.07    [1.06,1.08]    0.72      0.72      0.62    1.03
                           0.62       0.54        0.67       0.67        0.50     1.09    [1.08,1.10]    0.81      0.81      0.69    1.06
                           0.63       0.60        0.67       0.67        0.55     1.09    [1.08,1.11]    0.89      0.89      0.76    1.07
                           0.64       0.66        0.67       0.67        0.60     1.10    [1.09,1.12]    0.99      0.99      0.85    1.08
                           0.65       0.73        0.67       0.67        0.67     1.08    [1.04,1.11]    1.08      1.08      0.93    1.08
                           0.66       0.79        0.77       0.77        0.72     1.10    [1.05,1.11]    1.03      1.03      1.00    1.09
                           0.67       0.86        0.82       0.82        0.78     1.11    [1.09,1.12]    1.05      1.05      1.02    1.10
                           0.68       0.93        0.87       0.87        0.83     1.13    [1.12,1.14]    1.08      1.08      1.04    1.11
                           0.69       1.01        0.92       0.92        0.88     1.15    [1.13,1.16]    1.10      1.10      1.05    1.12
                           0.70       1.08        0.97       0.97        0.94     1.15    [1.14,1.16]    1.11      1.11      1.06    1.13
                           0.71       1.16        1.03       1.03        1.00     1.16    [1.14,1.17]    1.13      1.13      1.06    1.14
                           0.72       1.25        1.08       1.09        1.06     1.17    [1.16,1.19]    1.15      1.15      1.07    1.15
                           0.73       1.34        1.15       1.15        1.13     1.18    [1.17,1.19]    1.17      1.17      1.08    1.16
                           0.74       1.44        1.21       1.21        1.21     1.19    [1.16,1.20]    1.18      1.18      1.09    1.16
                           0.75       1.54        1.52       1.52        1.29     1.19    [1.06,1.20]    1.01      1.01      1.10    1.17
                           0.76       1.65        1.59       1.59        1.51     1.09    [1.06,1.20]    1.04      1.04      1.11    1.19
                           0.77       1.77        1.66       1.66        1.55     1.15    [1.11,1.17]    1.07      1.07      1.13    1.21
                           0.78       1.88        1.73       1.73        1.58     1.19    [1.16,1.22]    1.09      1.09      1.13    1.22
                           0.79       2.01        1.80       1.80        1.61     1.25    [1.21,1.26]    1.12      1.12      1.15    1.24
                           0.80       2.16        1.88       1.88        1.70     1.27    [1.26,1.28]    1.15      1.15      1.16    1.26
                           0.81       2.33        1.96       1.96        1.82     1.28    [1.23,1.30]    1.19      1.19      1.19    1.26
                           0.82       2.51        2.04       2.04        2.01     1.24    [1.22,1.28]    1.23      1.23      1.20    1.27
                           0.83       2.72        2.13       2.13        2.07     1.31    [1.27,1.34]    1.28      1.28      1.22    1.29
                           0.84       2.98        2.22       2.22        2.22     1.35    [1.20,1.36]    1.34      1.34      1.25    1.34
                           0.85       3.29        3.25       3.24        2.78     1.19    [1.15,1.26]    1.02      1.01      1.27    1.34
                           0.86       3.67        3.51       3.49        2.79     1.32    [1.24,1.41]    1.05      1.05      1.29    1.35
                           0.87       4.54        3.79       3.77        3.23     1.40    [1.33,2.38]    1.20      1.20      1.44    1.52
                           0.88       8.64         nan       7.01        4.03     2.14    [1.96,2.76]    1.23         -      2.39    2.44
--------------------------------------------------------------------------------------------------------------------------------------
      moderate      27.4   0.55       0.49        1.60       1.60        0.48     1.02    [1.00,1.04]    0.31      0.31      0.25    0.94
                           0.56       0.61        1.60       1.60        0.58     1.04    [1.02,1.06]    0.38      0.38      0.31    0.97
                           0.57       0.73        1.60       1.60        0.69     1.06    [1.04,1.08]    0.46      0.46      0.37    1.00
                           0.58       0.84        1.60       1.60        0.78     1.08    [1.06,1.10]    0.53      0.53      0.43    1.01
                           0.59       0.94        1.60       1.60        0.88     1.07    [1.05,1.09]    0.59      0.59      0.48    1.00
                           0.60       1.05        1.60       1.60        0.99     1.07    [1.05,1.08]    0.66      0.66      0.54    1.01
                           0.61       1.17        1.60       1.60        1.10     1.06    [1.05,1.07]    0.73      0.73      0.60    1.02
                           0.62       1.29        1.60       1.60        1.21     1.06    [1.05,1.08]    0.81      0.81      0.66    1.03
                           0.63       1.46        1.60       1.60        1.34     1.09    [1.07,1.10]    0.91      0.91      0.75    1.07
                           0.64       1.61        1.60       1.60        1.60     1.00    [1.00,1.10]    1.00      1.00      0.82    1.09
                           0.65       1.73        1.60       1.60        1.60     1.08    [1.04,1.10]    1.08      1.08      0.88    1.08
                           0.66       1.86        1.82       1.82        1.77     1.05    [1.05,1.10]    1.02      1.02      0.95    1.09
                           0.67       2.01        1.92       1.92        1.83     1.10    [1.07,1.11]    1.05      1.05      1.01    1.09
                           0.68       2.15        2.02       2.02        1.91     1.13    [1.11,1.14]    1.07      1.07      1.02    1.10
                           0.69       2.31        2.12       2.12        2.03     1.14    [1.13,1.15]    1.09      1.09      1.03    1.11
                           0.70       2.47        2.23       2.23        2.15     1.15    [1.14,1.16]    1.11      1.11      1.04    1.13
                           0.71       2.64        2.35       2.35        2.28     1.16    [1.14,1.17]    1.12      1.12      1.05    1.14
                           0.72       2.80        2.47       2.47        2.41     1.16    [1.15,1.17]    1.14      1.14      1.06    1.15
                           0.73       2.97        2.60       2.60        2.56     1.16    [1.16,1.17]    1.15      1.15      1.06    1.15
                           0.74       3.18        2.73       2.73        2.71     1.17    [1.16,1.18]    1.16      1.16      1.07    1.15
                           0.75       3.40        2.87       2.87        2.87     1.19    [1.18,1.20]    1.18      1.18      1.08    1.16
                           0.76       3.63        3.59       3.59        3.56     1.02    [1.01,1.20]    1.01      1.01      1.09    1.17
                           0.77       3.87        3.73       3.73        3.58     1.08    [1.05,1.12]    1.04      1.04      1.10    1.19
                           0.78       4.12        3.87       3.87        3.59     1.15    [1.11,1.18]    1.06      1.06      1.11    1.20
                           0.79       4.38        4.02       4.02        3.61     1.21    [1.18,1.24]    1.09      1.09      1.12    1.21
                           0.80       4.66        4.18       4.18        3.75     1.24    [1.23,1.26]    1.12      1.12      1.13    1.23
                           0.81       5.00        4.34       4.34        3.96     1.26    [1.24,1.27]    1.15      1.15      1.15    1.26
                           0.82       5.37        4.50       4.50        4.47     1.20    [1.19,1.26]    1.19      1.19      1.17    1.27
                           0.83       5.73        4.68       4.68        4.53     1.27    [1.23,1.30]    1.23      1.23      1.19    1.28
                           0.84       6.15        4.85       4.85        4.87     1.26    [1.24,1.32]    1.27      1.27      1.21    1.30
                           0.85       6.59        5.04       5.04        4.96     1.33    [1.29,1.34]    1.31      1.31      1.23    1.32
                           0.86       7.04        5.23       5.23        5.23     1.35    [1.29,1.36]    1.35      1.35      1.24    1.34
                           0.87       7.61        7.49       7.49        5.70     1.33    [1.30,1.38]    1.02      1.02      1.27    1.35
                           0.88       8.36        7.94       7.95        6.13     1.36    [1.33,1.41]    1.05      1.05      1.30    1.36
                           0.89       9.38        8.42       8.43        7.08     1.33    [1.26,1.41]    1.11      1.11      1.35    1.41
                           0.90      11.07        8.93       8.94        7.28     1.52    [1.41,1.91]    1.24      1.24      1.46    1.55
                           0.91      16.04       16.21      15.78        8.27     1.94    [1.51,1.99]    1.02      0.99      1.91    2.01
                           0.92      17.60       17.28      16.91       11.58     1.52    [1.45,1.60]    1.04      1.02      1.89    1.95
                           0.93      19.55       18.43      18.13       12.30     1.59    [1.53,1.65]    1.08      1.06      1.82    1.91
                           0.94      23.80         nan      19.44       15.82     1.50    [1.36,1.94]    1.22         -      1.81    1.90
--------------------------------------------------------------------------------------------------------------------------------------
        sparse       2.7   0.55       4.59       15.96      15.96        4.47     1.03    [1.01,1.07]    0.29      0.29      0.73    0.92
                           0.56       5.66       15.96      15.96        5.43     1.04    [1.02,1.07]    0.35      0.35      0.90    0.95
                           0.57       6.89       15.96      15.96        6.59     1.05    [1.03,1.06]    0.43      0.43      1.04    0.99
                           0.58       8.22       15.96      15.96        7.63     1.08    [1.05,1.10]    0.52      0.52      1.10    1.03
                           0.59       9.41       15.96      15.96        8.78     1.07    [1.05,1.09]    0.59      0.59      1.11    1.05
                           0.60      10.80       15.96      15.96       10.10     1.07    [1.05,1.09]    0.68      0.68      1.13    1.04
                           0.61      12.23       15.96      15.96       11.43     1.07    [1.06,1.09]    0.77      0.77      1.13    1.04
                           0.62      13.61       15.96      15.96       12.64     1.08    [1.06,1.09]    0.85      0.85      1.12    1.04
                           0.63      15.09       15.96      15.96       13.97     1.08    [1.07,1.10]    0.95      0.95      1.10    1.04
                           0.64      16.86       15.96      15.96       15.44     1.09    [1.00,1.10]    1.06      1.06      1.08    1.06
                           0.65      18.67       18.32      18.32       17.76     1.05    [1.01,1.10]    1.02      1.02      1.06    1.08
                           0.66      20.62       19.54      19.54       18.41     1.12    [1.09,1.13]    1.06      1.06      1.09    1.10
                           0.67      22.43       20.85      20.85       19.81     1.13    [0.90,1.14]    1.08      1.08      1.10    1.11
                           0.68      24.29       22.24      22.24       26.08     0.93    [0.90,1.14]    1.09      1.09      1.10    1.10
                           0.69      26.55       23.73      23.73       26.08     1.02    [0.96,1.07]    1.12      1.12      1.12    1.11
                           0.70      29.07       25.31      25.31       26.08     1.11    [1.01,1.15]    1.15      1.15      1.14    1.13
                           0.71      31.69       31.13      31.13       30.05     1.05    [1.02,1.15]    1.02      1.02      1.15    1.15
                           0.72      34.42       32.80      32.80       30.15     1.14    [1.09,1.18]    1.05      1.05      1.16    1.17
                           0.73      37.33       34.56      34.56       31.33     1.19    [1.18,1.20]    1.08      1.08      1.17    1.17
                           0.74      40.73       36.41      36.41       33.72     1.21    [1.20,1.22]    1.12      1.12      1.18    1.19
                           0.75      44.63       38.36      38.36       41.69     1.07    [1.06,1.23]    1.16      1.16      1.19    1.22
                           0.76      49.04       40.42      40.42       41.69     1.18    [1.10,1.24]    1.21      1.21      1.21    1.22
                           0.77      55.01       53.93      53.94       48.48     1.13    [1.09,1.25]    1.02      1.02      1.23    1.23
                           0.78      63.19       58.30      58.34       48.75     1.30    [1.19,1.32]    1.08      1.08      1.27    1.27
                           0.79      75.92       63.01      63.10       57.67     1.32    [1.24,1.36]    1.20      1.20      1.31    1.30
--------------------------------------------------------------------------------------------------------------------------------------

fidelity ceiling by method
         point         threshold        fixed_mmpp    adaptive_count  fixed_count_mmpp     adaptive_mmpp           learned           optimal
     high_flux            0.8818            0.8931            0.8792            0.8931            0.8939            0.8929            0.8938
      moderate            0.9413            0.9469            0.9392            0.9468            0.9465            0.9470            0.9468
        sparse            0.7937            0.7942            0.7946            0.7959            0.7956            0.7957            0.7958

end-to-end speedup including per-shot overhead (F* = 0.85)
     high_flux   0 us: 1.19x,  5 us: 1.07x,  20 us: 1.02x,  100 us: 1.01x
      moderate   0 us: 1.33x,  5 us: 1.16x,  20 us: 1.07x,  100 us: 1.02x
        sparse   0 us: n/a,  5 us: n/a,  20 us: n/a,  100 us: n/a
