
====================================================================================================
RATE-NOISE AMPLITUDE SWEEP (GAUSSIAN, TAU_C = 100 US): run-time reduction at matched balanced fidelity
  A single fractional intensity fluctuation drives emission linearly and switching quadratically, as the photon order requires. The filter is built from the NOMINAL rates, so this is the one error a calibrated boundary cannot absorb.
  detector: ideal detector (no dead time, no afterpulsing)
  rate noise: no rate noise
  physics layer: nv_charge_readout_master_v1_4
====================================================================================================
         point  ph/dwell     F*  t_thr(us) t_count(us)  t_fcm(us)  T_mmpp(us)  sp_mmpp         95% CI  sp_fcm  sp_count  sp_learn  sp_opt
--------------------------------------------------------------------------------------------------------------------------------------
        sigma0      27.4   0.55       0.45        1.59       1.59        0.44     1.03    [1.02,1.10]    0.28      0.28      0.09    1.02
                           0.56       0.54        1.59       1.59        0.52     1.05    [1.03,1.07]    0.34      0.34      0.11    1.02
                           0.57       0.64        1.59       1.59        0.61     1.05    [1.04,1.07]    0.41      0.41      0.13    1.03
                           0.58       0.74        1.59       1.59        0.70     1.05    [1.04,1.08]    0.47      0.47      0.15    1.02
                           0.59       0.86        1.59       1.59        0.80     1.08    [1.06,1.10]    0.54      0.54      0.17    1.04
                           0.60       0.98        1.59       1.59        0.90     1.08    [1.07,1.10]    0.62      0.62      0.20    1.05
                           0.61       1.10        1.59       1.59        1.02     1.08    [1.06,1.09]    0.69      0.69      0.22    1.06
                           0.62       1.22        1.59       1.59        1.12     1.09    [1.08,1.11]    0.77      0.77      0.24    1.07
                           0.63       1.35        1.59       1.59        1.22     1.11    [1.09,1.12]    0.85      0.85      0.27    1.08
                           0.64       1.46        1.59       1.59        1.32     1.10    [1.09,1.11]    0.92      0.92      0.29    1.08
                           0.65       1.58        1.59       1.59        1.44     1.10    [1.01,1.11]    1.00      1.00      0.32    1.07
                           0.66       1.72        1.59       1.59        1.59     1.08    [1.05,1.10]    1.08      1.08      0.35    1.07
                           0.67       1.86        1.83       1.83        1.76     1.06    [1.05,1.11]    1.02      1.02      0.37    1.07
                           0.68       2.02        1.93       1.93        1.83     1.10    [1.08,1.12]    1.05      1.05      0.41    1.08
                           0.69       2.19        2.03       2.03        1.93     1.13    [1.12,1.14]    1.08      1.08      0.44    1.09
                           0.70       2.34        2.14       2.14        2.06     1.14    [1.13,1.15]    1.09      1.09      0.47    1.10
                           0.71       2.51        2.26       2.26        2.20     1.14    [1.13,1.16]    1.11      1.11      0.51    1.11
                           0.72       2.72        2.38       2.38        2.35     1.16    [1.15,1.18]    1.14      1.14      0.55    1.14
                           0.73       2.92        2.51       2.51        2.50     1.17    [1.16,1.18]    1.16      1.16      0.59    1.15
                           0.74       3.12        2.65       2.65        2.65     1.18    [1.17,1.19]    1.18      1.18      0.63    1.15
                           0.75       3.35        2.79       2.79        2.81     1.19    [1.18,1.20]    1.20      1.20      0.67    1.17
                           0.76       3.59        2.94       2.94        3.32     1.08    [1.06,1.21]    1.22      1.22      0.72    1.18
                           0.77       3.79        3.10       3.10        3.32     1.14    [1.11,1.18]    1.22      1.22      0.76    1.18
                           0.78       4.00        3.27       3.27        3.32     1.21    [1.17,1.22]    1.22      1.22      0.80    1.18
                           0.79       4.27        4.20       4.20        3.52     1.21    [1.14,1.23]    1.02      1.02      0.86    1.20
                           0.80       4.58        4.39       4.39        3.90     1.17    [1.14,1.23]    1.04      1.04      0.92    1.23
                           0.81       4.88        4.58       4.58        3.90     1.25    [1.21,1.27]    1.06      1.06      0.98    1.25
                           0.82       5.20        4.78       4.78        4.25     1.22    [1.19,1.23]    1.09      1.09      1.00    1.25
                           0.83       5.55        4.99       4.99        4.48     1.24    [1.20,1.28]    1.11      1.11      1.00    1.26
                           0.84       5.94        5.21       5.21        4.70     1.26    [1.25,1.31]    1.14      1.14      1.01    1.28
                           0.85       6.41        5.44       5.44        4.82     1.33    [1.27,1.34]    1.18      1.18      1.03    1.31
                           0.86       6.94        5.68       5.68        5.49     1.26    [1.24,1.32]    1.22      1.22      1.05    1.35
                           0.87       7.55        5.93       5.93        5.66     1.33    [1.29,1.39]    1.27      1.27      1.07    1.38
                           0.88       8.30        6.19       6.19        5.91     1.40    [1.36,1.42]    1.34      1.34      1.11    1.39
                           0.89       9.32        6.46       6.46        6.48     1.44    [1.34,1.46]    1.44      1.44      1.17    1.44
                           0.90      11.24       12.81      11.46        7.09     1.59    [1.44,1.94]    0.98      0.88      1.32    1.60
                           0.91      16.35       13.48      12.82        8.08     2.02    [1.58,2.06]    1.28      1.21      1.76    2.07
                           0.92      17.74       14.18      13.73       11.25     1.58    [1.54,1.66]    1.29      1.25      1.69    1.98
                           0.93      19.66       14.91      14.69       11.65     1.69    [1.58,1.73]    1.34      1.32      1.66    1.92
                           0.94      25.01         nan      26.69       14.80     1.69    [1.48,1.79]    0.94         -      1.66    2.03
--------------------------------------------------------------------------------------------------------------------------------------
     sigma0.05      27.4   0.55       0.46        1.58       1.58        0.44     1.04    [1.03,1.09]    0.29      0.29      0.09    1.02
                           0.56       0.56        1.58       1.58        0.52     1.07    [1.05,1.10]    0.35      0.35      0.11    1.03
                           0.57       0.64        1.58       1.58        0.61     1.05    [1.03,1.07]    0.40      0.40      0.13    1.01
                           0.58       0.75        1.58       1.58        0.71     1.06    [1.04,1.08]    0.47      0.47      0.15    1.03
                           0.59       0.86        1.58       1.58        0.80     1.08    [1.06,1.11]    0.55      0.55      0.17    1.05
                           0.60       0.98        1.58       1.58        0.90     1.08    [1.07,1.10]    0.62      0.62      0.20    1.06
                           0.61       1.09        1.58       1.58        1.02     1.07    [1.06,1.09]    0.69      0.69      0.22    1.07
                           0.62       1.21        1.58       1.58        1.13     1.07    [1.06,1.09]    0.76      0.76      0.24    1.07
                           0.63       1.33        1.58       1.58        1.23     1.08    [1.07,1.10]    0.84      0.84      0.27    1.08
                           0.64       1.46        1.58       1.58        1.34     1.09    [1.08,1.10]    0.92      0.92      0.29    1.08
                           0.65       1.59        1.58       1.58        1.58     1.00    [1.00,1.10]    1.00      1.00      0.32    1.08
                           0.66       1.72        1.58       1.58        1.58     1.09    [1.04,1.11]    1.09      1.09      0.35    1.07
                           0.67       1.86        1.82       1.82        1.77     1.05    [1.04,1.11]    1.02      1.02      0.37    1.07
                           0.68       2.01        1.93       1.93        1.83     1.10    [1.07,1.13]    1.05      1.05      0.40    1.08
                           0.69       2.18        2.03       2.03        1.92     1.14    [1.12,1.15]    1.07      1.07      0.44    1.10
                           0.70       2.35        2.14       2.14        2.04     1.15    [1.14,1.16]    1.10      1.10      0.47    1.11
                           0.71       2.52        2.26       2.26        2.18     1.16    [1.15,1.17]    1.12      1.12      0.51    1.13
                           0.72       2.71        2.39       2.39        2.32     1.17    [1.16,1.18]    1.13      1.13      0.54    1.14
                           0.73       2.90        2.52       2.52        2.46     1.18    [1.16,1.19]    1.15      1.15      0.58    1.16
                           0.74       3.09        2.66       2.66        2.62     1.18    [1.17,1.19]    1.16      1.16      0.62    1.15
                           0.75       3.29        2.80       2.80        2.77     1.19    [1.18,1.20]    1.18      1.18      0.66    1.16
                           0.76       3.51        2.96       2.96        3.30     1.06    [1.06,1.20]    1.19      1.19      0.71    1.16
                           0.77       3.77        3.12       3.12        3.30     1.14    [1.09,1.18]    1.21      1.21      0.76    1.18
                           0.78       4.05        3.29       3.29        3.30     1.23    [1.18,1.23]    1.23      1.23      0.81    1.20
                           0.79       4.32        4.25       4.25        3.51     1.23    [1.16,1.25]    1.02      1.02      0.87    1.22
                           0.80       4.60        4.44       4.44        3.88     1.18    [1.16,1.25]    1.04      1.04      0.92    1.24
                           0.81       4.92        4.65       4.65        4.07     1.21    [1.21,1.27]    1.06      1.06      0.99    1.26
                           0.82       5.28        4.86       4.86        4.36     1.21    [1.19,1.24]    1.09      1.09      1.00    1.26
                           0.83       5.69        5.08       5.08        4.47     1.27    [1.23,1.31]    1.12      1.12      1.01    1.28
                           0.84       6.13        5.32       5.32        4.72     1.30    [1.27,1.33]    1.15      1.15      1.02    1.30
                           0.85       6.62        5.56       5.56        5.10     1.30    [1.28,1.35]    1.19      1.19      1.03    1.33
                           0.86       7.17        5.82       5.82        5.54     1.29    [1.28,1.34]    1.23      1.23      1.05    1.37
                           0.87       7.88        6.08       6.08        5.68     1.39    [1.33,1.41]    1.30      1.30      1.08    1.37
                           0.88       8.93        6.36       6.36        6.19     1.44    [1.35,1.48]    1.40      1.40      1.14    1.42
                           0.89      10.42       12.58      10.59        7.09     1.47    [1.37,1.68]    0.98      0.83      1.25    1.52
                           0.90      14.78       13.17      12.39        8.06     1.83    [1.55,1.98]    1.19      1.12      1.67    1.95
                           0.91      16.57       13.78      13.25       10.62     1.56    [1.52,1.71]    1.25      1.20      1.68    1.93
                           0.92      17.83       14.42      14.17       11.32     1.58    [1.53,1.66]    1.26      1.24      1.63    1.87
                           0.93      20.19       15.10      15.15       11.95     1.69    [1.44,1.75]    1.33      1.34      1.62    1.82
                           0.94      25.62         nan      29.21       14.97     1.71    [0.71,1.73]    0.88         -      1.67    1.94
--------------------------------------------------------------------------------------------------------------------------------------
      sigma0.1      27.4   0.55       0.48        1.59       1.59        0.46     1.04    [1.03,1.06]    0.30      0.30      0.10    1.03
                           0.56       0.58        1.59       1.59        0.55     1.04    [1.02,1.06]    0.36      0.36      0.12    1.02
                           0.57       0.69        1.59       1.59        0.66     1.04    [1.04,1.06]    0.43      0.43      0.14    1.04
                           0.58       0.80        1.59       1.59        0.76     1.05    [1.04,1.08]    0.50      0.50      0.16    1.04
                           0.59       0.92        1.59       1.59        0.86     1.07    [1.05,1.09]    0.58      0.58      0.19    1.06
                           0.60       1.06        1.59       1.59        0.98     1.07    [1.06,1.09]    0.66      0.66      0.21    1.07
                           0.61       1.19        1.59       1.59        1.10     1.09    [1.07,1.10]    0.75      0.75      0.24    1.08
                           0.62       1.31        1.59       1.59        1.20     1.09    [1.08,1.11]    0.82      0.82      0.26    1.08
                           0.63       1.43        1.59       1.59        1.31     1.09    [1.08,1.10]    0.90      0.90      0.29    1.08
                           0.64       1.56        1.59       1.59        1.43     1.09    [1.00,1.10]    0.98      0.98      0.31    1.08
                           0.65       1.70        1.59       1.59        1.59     1.07    [1.03,1.09]    1.07      1.07      0.34    1.08
                           0.66       1.84        1.82       1.82        1.76     1.05    [1.04,1.11]    1.01      1.01      0.37    1.08
                           0.67       1.98        1.92       1.92        1.82     1.09    [1.06,1.11]    1.03      1.03      0.40    1.08
                           0.68       2.14        2.02       2.02        1.91     1.12    [1.11,1.13]    1.06      1.06      0.43    1.10
                           0.69       2.30        2.13       2.13        2.03     1.13    [1.12,1.14]    1.08      1.08      0.46    1.11
                           0.70       2.46        2.25       2.25        2.16     1.14    [1.13,1.15]    1.10      1.10      0.49    1.12
                           0.71       2.63        2.37       2.37        2.29     1.15    [1.14,1.16]    1.11      1.11      0.53    1.13
                           0.72       2.82        2.50       2.50        2.44     1.16    [1.14,1.17]    1.13      1.13      0.57    1.15
                           0.73       3.00        2.63       2.63        2.59     1.16    [1.15,1.17]    1.14      1.14      0.60    1.14
                           0.74       3.20        2.77       2.77        2.72     1.18    [1.17,1.18]    1.15      1.15      0.64    1.14
                           0.75       3.42        2.92       2.92        2.88     1.19    [1.04,1.19]    1.17      1.17      0.69    1.14
                           0.76       3.66        3.08       3.08        3.34     1.09    [1.06,1.14]    1.19      1.19      0.74    1.15
                           0.77       3.92        3.25       3.25        3.34     1.17    [1.13,1.21]    1.21      1.21      0.79    1.17
                           0.78       4.21        4.15       4.15        3.52     1.20    [1.17,1.22]    1.01      1.01      0.85    1.19
                           0.79       4.51        4.33       4.33        3.91     1.15    [1.14,1.24]    1.04      1.04      0.91    1.22
                           0.80       4.83        4.51       4.51        3.93     1.23    [1.18,1.25]    1.07      1.07      0.97    1.24
                           0.81       5.18        4.71       4.71        4.26     1.21    [1.19,1.22]    1.10      1.10      1.00    1.25
                           0.82       5.52        4.91       4.91        4.51     1.22    [1.19,1.26]    1.12      1.12      1.01    1.26
                           0.83       5.89        5.12       5.12        4.55     1.29    [1.24,1.29]    1.15      1.15      1.02    1.27
                           0.84       6.30        5.35       5.35        4.84     1.30    [1.25,1.32]    1.18      1.18      1.03    1.29
                           0.85       6.76        5.58       5.58        5.20     1.30    [1.23,1.32]    1.21      1.21      1.05    1.32
                           0.86       7.28        5.82       5.82        5.70     1.28    [1.24,1.32]    1.25      1.25      1.06    1.35
                           0.87       7.91        6.07       6.07        5.78     1.37    [1.32,1.40]    1.30      1.30      1.09    1.36
                           0.88       8.67        6.33       6.33        6.38     1.36    [1.33,1.41]    1.37      1.37      1.13    1.38
                           0.89       9.63       12.47      10.34        7.10     1.36    [1.33,1.46]    0.93      0.77      1.19    1.43
                           0.90      11.94       13.08      12.84        7.19     1.66    [1.46,1.95]    0.93      0.91      1.37    1.66
                           0.91      16.50       13.72      13.53       10.04     1.64    [1.54,2.03]    1.22      1.20      1.72    1.99
                           0.92      17.81       14.39      14.26       11.44     1.56    [1.53,1.65]    1.25      1.24      1.66    1.89
                           0.93      19.85       15.09      15.03       11.75     1.69    [1.61,1.75]    1.32      1.32      1.64    1.82
--------------------------------------------------------------------------------------------------------------------------------------
      sigma0.2      27.4   0.55       0.50        1.59       1.59        0.47     1.06    [1.04,1.08]    0.31      0.31      0.10    1.03
                           0.56       0.59        1.59       1.59        0.56     1.06    [1.04,1.08]    0.37      0.37      0.12    1.02
                           0.57       0.69        1.59       1.59        0.66     1.04    [1.03,1.06]    0.43      0.43      0.14    1.02
                           0.58       0.80        1.59       1.59        0.75     1.06    [1.05,1.09]    0.50      0.50      0.16    1.03
                           0.59       0.92        1.59       1.59        0.85     1.08    [1.06,1.10]    0.58      0.58      0.18    1.05
                           0.60       1.04        1.59       1.59        0.96     1.08    [1.06,1.09]    0.65      0.65      0.21    1.06
                           0.61       1.15        1.59       1.59        1.08     1.06    [1.05,1.08]    0.72      0.72      0.23    1.07
                           0.62       1.27        1.59       1.59        1.17     1.08    [1.07,1.09]    0.80      0.80      0.25    1.07
                           0.63       1.39        1.59       1.59        1.28     1.09    [1.07,1.10]    0.87      0.87      0.28    1.07
                           0.64       1.52        1.59       1.59        1.39     1.09    [1.02,1.10]    0.95      0.95      0.31    1.07
                           0.65       1.67        1.59       1.59        1.59     1.05    [1.01,1.10]    1.05      1.05      0.34    1.08
                           0.66       1.80        1.79       1.79        1.65     1.09    [1.04,1.10]    1.00      1.00      0.36    1.08
                           0.67       1.93        1.89       1.89        1.80     1.07    [1.05,1.10]    1.02      1.02      0.39    1.08
                           0.68       2.09        1.99       1.99        1.87     1.12    [1.10,1.13]    1.05      1.05      0.42    1.09
                           0.69       2.26        2.10       2.10        1.99     1.14    [1.13,1.15]    1.07      1.07      0.45    1.11
                           0.70       2.42        2.22       2.22        2.11     1.15    [1.13,1.16]    1.09      1.09      0.49    1.12
                           0.71       2.59        2.34       2.34        2.25     1.15    [1.14,1.16]    1.11      1.11      0.52    1.13
                           0.72       2.76        2.47       2.47        2.39     1.16    [1.15,1.17]    1.12      1.12      0.56    1.15
                           0.73       2.97        2.60       2.61        2.54     1.17    [1.16,1.18]    1.14      1.14      0.60    1.16
                           0.74       3.21        2.74       2.75        2.72     1.18    [1.17,1.19]    1.17      1.17      0.64    1.17
                           0.75       3.45        2.89       2.90        2.90     1.19    [1.05,1.20]    1.19      1.19      0.69    1.18
                           0.76       3.69        3.05       3.06        3.33     1.11    [1.07,1.15]    1.20      1.21      0.74    1.19
                           0.77       3.92        3.22       3.23        3.33     1.18    [1.14,1.21]    1.21      1.22      0.79    1.19
                           0.78       4.19        4.13       4.15        3.50     1.20    [1.18,1.23]    1.01      1.01      0.84    1.21
                           0.79       4.50        4.32       4.34        3.90     1.15    [1.14,1.24]    1.04      1.04      0.90    1.23
                           0.80       4.80        4.52       4.54        3.92     1.23    [1.18,1.26]    1.06      1.06      0.97    1.25
                           0.81       5.13        4.73       4.75        4.21     1.22    [1.20,1.26]    1.08      1.08      1.00    1.25
                           0.82       5.48        4.95       4.97        4.49     1.22    [1.19,1.26]    1.10      1.11      1.01    1.26
                           0.83       5.86        5.17       5.19        4.53     1.29    [1.25,1.31]    1.13      1.13      1.01    1.27
                           0.84       6.32        5.41       5.43        4.82     1.31    [1.26,1.33]    1.16      1.17      1.03    1.29
                           0.85       6.84        5.66       5.68        5.28     1.30    [1.24,1.31]    1.20      1.21      1.04    1.33
                           0.86       7.46        5.92       5.94        5.68     1.31    [1.27,1.36]    1.26      1.26      1.07    1.35
                           0.87       8.18        6.19       6.21        5.85     1.40    [1.34,1.41]    1.32      1.32      1.10    1.36
                           0.88       9.17        6.47       6.50        6.53     1.40    [1.32,1.45]    1.41      1.42      1.16    1.40
                           0.89      10.61       12.75      10.71        7.18     1.48    [1.38,1.58]    0.99      0.83      1.26    1.50
                           0.90      15.81       13.42      12.38        8.15     1.94    [1.47,1.99]    1.28      1.18      1.71    1.99
                           0.91      17.47       14.12      13.40       10.60     1.65    [1.54,1.71]    1.30      1.24      1.70    1.96
                           0.92      19.40       14.86      14.51       11.55     1.68    [1.61,1.71]    1.34      1.31      1.70    1.96
                           0.93      22.44         nan      23.85       15.06     1.49    [1.47,1.77]    0.94         -      1.71    1.90
--------------------------------------------------------------------------------------------------------------------------------------
      sigma0.3      27.4   0.55       0.51        1.60       1.60        0.49     1.05    [1.03,1.08]    0.32      0.32      0.10    1.05
                           0.56       0.62        1.60       1.60        0.59     1.05    [1.03,1.07]    0.39      0.39      0.12    1.05
                           0.57       0.72        1.60       1.60        0.70     1.04    [1.03,1.05]    0.45      0.45      0.15    1.04
                           0.58       0.83        1.60       1.60        0.79     1.04    [1.02,1.06]    0.52      0.52      0.17    1.03
                           0.59       0.95        1.60       1.60        0.90     1.06    [1.03,1.07]    0.60      0.60      0.19    1.05
                           0.60       1.08        1.60       1.60        1.03     1.06    [1.04,1.07]    0.68      0.68      0.22    1.06
                           0.61       1.21        1.60       1.60        1.13     1.07    [1.05,1.08]    0.75      0.75      0.24    1.07
                           0.62       1.32        1.60       1.60        1.24     1.07    [1.06,1.09]    0.83      0.83      0.27    1.07
                           0.63       1.46        1.60       1.60        1.35     1.08    [1.07,1.10]    0.92      0.92      0.29    1.08
                           0.64       1.61        1.60       1.60        1.60     1.01    [1.00,1.10]    1.01      1.01      0.32    1.08
                           0.65       1.75        1.60       1.60        1.60     1.10    [1.05,1.10]    1.10      1.10      0.35    1.08
                           0.66       1.89        1.84       1.84        1.78     1.06    [1.05,1.10]    1.03      1.03      0.38    1.08
                           0.67       2.05        1.95       1.95        1.85     1.11    [1.08,1.12]    1.05      1.05      0.41    1.09
                           0.68       2.21        2.06       2.06        1.96     1.13    [1.12,1.14]    1.07      1.07      0.44    1.10
                           0.69       2.38        2.18       2.18        2.09     1.14    [1.12,1.15]    1.09      1.09      0.48    1.11
                           0.70       2.55        2.30       2.30        2.23     1.15    [1.13,1.16]    1.11      1.11      0.51    1.12
                           0.71       2.73        2.43       2.43        2.38     1.15    [1.14,1.16]    1.13      1.13      0.55    1.13
                           0.72       2.92        2.57       2.57        2.54     1.15    [1.14,1.16]    1.14      1.14      0.59    1.14
                           0.73       3.12        2.71       2.71        2.69     1.16    [1.15,1.17]    1.15      1.15      0.63    1.14
                           0.74       3.35        2.87       2.87        2.84     1.18    [1.17,1.19]    1.17      1.17      0.67    1.14
                           0.75       3.59        3.03       3.03        3.36     1.07    [1.05,1.19]    1.19      1.19      0.72    1.16
                           0.76       3.84        3.20       3.20        3.36     1.14    [1.10,1.19]    1.20      1.20      0.77    1.17
                           0.77       4.11        4.09       4.09        3.50     1.17    [1.17,1.21]    1.00      1.00      0.83    1.19
                           0.78       4.40        4.29       4.29        3.59     1.22    [1.14,1.23]    1.03      1.03      0.88    1.21
                           0.79       4.71        4.49       4.49        3.93     1.20    [1.16,1.24]    1.05      1.05      0.95    1.23
                           0.80       5.07        4.70       4.70        4.18     1.21    [1.19,1.25]    1.08      1.08      1.00    1.25
                           0.81       5.43        4.92       4.92        4.52     1.20    [1.18,1.24]    1.10      1.10      1.01    1.25
                           0.82       5.82        5.15       5.15        4.57     1.27    [1.23,1.29]    1.13      1.13      1.01    1.25
                           0.83       6.32        5.39       5.39        4.87     1.30    [1.25,1.32]    1.17      1.17      1.03    1.28
                           0.84       6.86        5.65       5.65        5.33     1.29    [1.24,1.31]    1.22      1.22      1.05    1.32
                           0.85       7.44        5.91       5.91        5.73     1.30    [1.26,1.35]    1.26      1.26      1.07    1.33
                           0.86       8.12        6.19       6.19        5.85     1.39    [1.33,1.39]    1.31      1.31      1.10    1.32
                           0.87       8.98        6.48       6.48        6.48     1.39    [1.32,1.42]    1.39      1.39      1.14    1.34
                           0.88      10.17       11.80      10.31        7.27     1.40    [1.33,1.46]    0.99      0.86      1.20    1.41
                           0.89      13.09       13.22      12.22        8.25     1.59    [1.37,1.92]    1.07      0.99      1.39    1.62
                           0.90      17.88       14.02      13.42       10.87     1.65    [1.56,1.72]    1.33      1.28      1.71    1.97
                           0.91      19.56       14.87      14.51       11.83     1.65    [1.59,1.71]    1.35      1.32      1.69    1.94
                           0.92      21.97       30.42      15.69       14.70     1.49    [1.45,1.72]    1.40      0.72      1.68    1.84
                           0.93      30.82         nan      30.88       17.29     1.78    [1.42,1.90]    1.00         -      1.87    2.07
--------------------------------------------------------------------------------------------------------------------------------------

fidelity ceiling by method
         point         threshold    adaptive_count  fixed_count_mmpp     adaptive_mmpp           learned           optimal
        sigma0            0.9404            0.9370            0.9471            0.9471            0.9469            0.9468
     sigma0.05            0.9401            0.9347            0.9427            0.9468            0.9465            0.9468
      sigma0.1            0.9380            0.9361            0.9434            0.9443            0.9446            0.9449
      sigma0.2            0.9362            0.9296            0.9428            0.9442            0.9422            0.9440
      sigma0.3            0.9305            0.9274            0.9368            0.9373            0.9351            0.9366

end-to-end speedup including per-shot overhead (F* = 0.85)
        sigma0   0 us: 1.33x,  5 us: 1.16x,  20 us: 1.06x,  100 us: 1.02x
     sigma0.05   0 us: 1.30x,  5 us: 1.15x,  20 us: 1.06x,  100 us: 1.01x
      sigma0.1   0 us: 1.30x,  5 us: 1.15x,  20 us: 1.06x,  100 us: 1.01x
      sigma0.2   0 us: 1.30x,  5 us: 1.15x,  20 us: 1.06x,  100 us: 1.01x
      sigma0.3   0 us: 1.30x,  5 us: 1.16x,  20 us: 1.07x,  100 us: 1.02x
